rgb(0,0,0)
rgb(0,0,15)
rgb(0,0,30)
rgb(0,0,45)
rgb(0,0,60)
rgb(0,0,75)
rgb(0,0,90)
rgb(0,0,105)
rgb(0,0,120)
rgb(0,0,135)
rgb(0,0,150)
rgb(0,0,165)
rgb(0,0,180)
rgb(0,0,195)
rgb(0,0,210)
rgb(0,0,225)
rgb(0,0,240)
rgb(0,0,255)
rgb(0,15,0)
rgb(0,15,15)
rgb(0,15,30)
rgb(0,15,45)
rgb(0,15,60)
rgb(0,15,75)
rgb(0,15,90)
rgb(0,15,105)
rgb(0,15,120)
rgb(0,15,135)
rgb(0,15,150)
rgb(0,15,165)
rgb(0,15,180)
rgb(0,15,195)
rgb(0,15,210)
rgb(0,15,225)
rgb(0,15,240)
rgb(0,15,255)
rgb(0,30,0)
rgb(0,30,15)
rgb(0,30,30)
rgb(0,30,45)
rgb(0,30,60)
rgb(0,30,75)
rgb(0,30,90)
rgb(0,30,105)
rgb(0,30,120)
rgb(0,30,135)
rgb(0,30,150)
rgb(0,30,165)
rgb(0,30,180)
rgb(0,30,195)
rgb(0,30,210)
rgb(0,30,225)
rgb(0,30,240)
rgb(0,30,255)
rgb(0,45,0)
rgb(0,45,15)
rgb(0,45,30)
rgb(0,45,45)
rgb(0,45,60)
rgb(0,45,75)
rgb(0,45,90)
rgb(0,45,105)
rgb(0,45,120)
rgb(0,45,135)
rgb(0,45,150)
rgb(0,45,165)
rgb(0,45,180)
rgb(0,45,195)
rgb(0,45,210)
rgb(0,45,225)
rgb(0,45,240)
rgb(0,45,255)
rgb(0,60,0)
rgb(0,60,15)
rgb(0,60,30)
rgb(0,60,45)
rgb(0,60,60)
rgb(0,60,75)
rgb(0,60,90)
rgb(0,60,105)
rgb(0,60,120)
rgb(0,60,135)
rgb(0,60,150)
rgb(0,60,165)
rgb(0,60,180)
rgb(0,60,195)
rgb(0,60,210)
rgb(0,60,225)
rgb(0,60,240)
rgb(0,60,255)
rgb(0,75,0)
rgb(0,75,15)
rgb(0,75,30)
rgb(0,75,45)
rgb(0,75,60)
rgb(0,75,75)
rgb(0,75,90)
rgb(0,75,105)
rgb(0,75,120)
rgb(0,75,135)
rgb(0,75,150)
rgb(0,75,165)
rgb(0,75,180)
rgb(0,75,195)
rgb(0,75,210)
rgb(0,75,225)
rgb(0,75,240)
rgb(0,75,255)
rgb(0,90,0)
rgb(0,90,15)
rgb(0,90,30)
rgb(0,90,45)
rgb(0,90,60)
rgb(0,90,75)
rgb(0,90,90)
rgb(0,90,105)
rgb(0,90,120)
rgb(0,90,135)
rgb(0,90,150)
rgb(0,90,165)
rgb(0,90,180)
rgb(0,90,195)
rgb(0,90,210)
rgb(0,90,225)
rgb(0,90,240)
rgb(0,90,255)
rgb(0,105,0)
rgb(0,105,15)
rgb(0,105,30)
rgb(0,105,45)
rgb(0,105,60)
rgb(0,105,75)
rgb(0,105,90)
rgb(0,105,105)
rgb(0,105,120)
rgb(0,105,135)
rgb(0,105,150)
rgb(0,105,165)
rgb(0,105,180)
rgb(0,105,195)
rgb(0,105,210)
rgb(0,105,225)
rgb(0,105,240)
rgb(0,105,255)
rgb(0,120,0)
rgb(0,120,15)
rgb(0,120,30)
rgb(0,120,45)
rgb(0,120,60)
rgb(0,120,75)
rgb(0,120,90)
rgb(0,120,105)
rgb(0,120,120)
rgb(0,120,135)
rgb(0,120,150)
rgb(0,120,165)
rgb(0,120,180)
rgb(0,120,195)
rgb(0,120,210)
rgb(0,120,225)
rgb(0,120,240)
rgb(0,120,255)
rgb(0,135,0)
rgb(0,135,15)
rgb(0,135,30)
rgb(0,135,45)
rgb(0,135,60)
rgb(0,135,75)
rgb(0,135,90)
rgb(0,135,105)
rgb(0,135,120)
rgb(0,135,135)
rgb(0,135,150)
rgb(0,135,165)
rgb(0,135,180)
rgb(0,135,195)
rgb(0,135,210)
rgb(0,135,225)
rgb(0,135,240)
rgb(0,135,255)
rgb(0,150,0)
rgb(0,150,15)
rgb(0,150,30)
rgb(0,150,45)
rgb(0,150,60)
rgb(0,150,75)
rgb(0,150,90)
rgb(0,150,105)
rgb(0,150,120)
rgb(0,150,135)
rgb(0,150,150)
rgb(0,150,165)
rgb(0,150,180)
rgb(0,150,195)
rgb(0,150,210)
rgb(0,150,225)
rgb(0,150,240)
rgb(0,150,255)
rgb(0,165,0)
rgb(0,165,15)
rgb(0,165,30)
rgb(0,165,45)
rgb(0,165,60)
rgb(0,165,75)
rgb(0,165,90)
rgb(0,165,105)
rgb(0,165,120)
rgb(0,165,135)
rgb(0,165,150)
rgb(0,165,165)
rgb(0,165,180)
rgb(0,165,195)
rgb(0,165,210)
rgb(0,165,225)
rgb(0,165,240)
rgb(0,165,255)
rgb(0,180,0)
rgb(0,180,15)
rgb(0,180,30)
rgb(0,180,45)
rgb(0,180,60)
rgb(0,180,75)
rgb(0,180,90)
rgb(0,180,105)
rgb(0,180,120)
rgb(0,180,135)
rgb(0,180,150)
rgb(0,180,165)
rgb(0,180,180)
rgb(0,180,195)
rgb(0,180,210)
rgb(0,180,225)
rgb(0,180,240)
rgb(0,180,255)
rgb(0,195,0)
rgb(0,195,15)
rgb(0,195,30)
rgb(0,195,45)
rgb(0,195,60)
rgb(0,195,75)
rgb(0,195,90)
rgb(0,195,105)
rgb(0,195,120)
rgb(0,195,135)
rgb(0,195,150)
rgb(0,195,165)
rgb(0,195,180)
rgb(0,195,195)
rgb(0,195,210)
rgb(0,195,225)
rgb(0,195,240)
rgb(0,195,255)
rgb(0,210,0)
rgb(0,210,15)
rgb(0,210,30)
rgb(0,210,45)
rgb(0,210,60)
rgb(0,210,75)
rgb(0,210,90)
rgb(0,210,105)
rgb(0,210,120)
rgb(0,210,135)
rgb(0,210,150)
rgb(0,210,165)
rgb(0,210,180)
rgb(0,210,195)
rgb(0,210,210)
rgb(0,210,225)
rgb(0,210,240)
rgb(0,210,255)
rgb(0,225,0)
rgb(0,225,15)
rgb(0,225,30)
rgb(0,225,45)
rgb(0,225,60)
rgb(0,225,75)
rgb(0,225,90)
rgb(0,225,105)
rgb(0,225,120)
rgb(0,225,135)
rgb(0,225,150)
rgb(0,225,165)
rgb(0,225,180)
rgb(0,225,195)
rgb(0,225,210)
rgb(0,225,225)
rgb(0,225,240)
rgb(0,225,255)
rgb(0,240,0)
rgb(0,240,15)
rgb(0,240,30)
rgb(0,240,45)
rgb(0,240,60)
rgb(0,240,75)
rgb(0,240,90)
rgb(0,240,105)
rgb(0,240,120)
rgb(0,240,135)
rgb(0,240,150)
rgb(0,240,165)
rgb(0,240,180)
rgb(0,240,195)
rgb(0,240,210)
rgb(0,240,225)
rgb(0,240,240)
rgb(0,240,255)
rgb(0,255,0)
rgb(0,255,15)
rgb(0,255,30)
rgb(0,255,45)
rgb(0,255,60)
rgb(0,255,75)
rgb(0,255,90)
rgb(0,255,105)
rgb(0,255,120)
rgb(0,255,135)
rgb(0,255,150)
rgb(0,255,165)
rgb(0,255,180)
rgb(0,255,195)
rgb(0,255,210)
rgb(0,255,225)
rgb(0,255,240)
rgb(0,255,255)
rgb(15,0,0)
rgb(15,0,15)
rgb(15,0,30)
rgb(15,0,45)
rgb(15,0,60)
rgb(15,0,75)
rgb(15,0,90)
rgb(15,0,105)
rgb(15,0,120)
rgb(15,0,135)
rgb(15,0,150)
rgb(15,0,165)
rgb(15,0,180)
rgb(15,0,195)
rgb(15,0,210)
rgb(15,0,225)
rgb(15,0,240)
rgb(15,0,255)
rgb(15,15,0)
rgb(15,15,15)
rgb(15,15,30)
rgb(15,15,45)
rgb(15,15,60)
rgb(15,15,75)
rgb(15,15,90)
rgb(15,15,105)
rgb(15,15,120)
rgb(15,15,135)
rgb(15,15,150)
rgb(15,15,165)
rgb(15,15,180)
rgb(15,15,195)
rgb(15,15,210)
rgb(15,15,225)
rgb(15,15,240)
rgb(15,15,255)
rgb(15,30,0)
rgb(15,30,15)
rgb(15,30,30)
rgb(15,30,45)
rgb(15,30,60)
rgb(15,30,75)
rgb(15,30,90)
rgb(15,30,105)
rgb(15,30,120)
rgb(15,30,135)
rgb(15,30,150)
rgb(15,30,165)
rgb(15,30,180)
rgb(15,30,195)
rgb(15,30,210)
rgb(15,30,225)
rgb(15,30,240)
rgb(15,30,255)
rgb(15,45,0)
rgb(15,45,15)
rgb(15,45,30)
rgb(15,45,45)
rgb(15,45,60)
rgb(15,45,75)
rgb(15,45,90)
rgb(15,45,105)
rgb(15,45,120)
rgb(15,45,135)
rgb(15,45,150)
rgb(15,45,165)
rgb(15,45,180)
rgb(15,45,195)
rgb(15,45,210)
rgb(15,45,225)
rgb(15,45,240)
rgb(15,45,255)
rgb(15,60,0)
rgb(15,60,15)
rgb(15,60,30)
rgb(15,60,45)
rgb(15,60,60)
rgb(15,60,75)
rgb(15,60,90)
rgb(15,60,105)
rgb(15,60,120)
rgb(15,60,135)
rgb(15,60,150)
rgb(15,60,165)
rgb(15,60,180)
rgb(15,60,195)
rgb(15,60,210)
rgb(15,60,225)
rgb(15,60,240)
rgb(15,60,255)
rgb(15,75,0)
rgb(15,75,15)
rgb(15,75,30)
rgb(15,75,45)
rgb(15,75,60)
rgb(15,75,75)
rgb(15,75,90)
rgb(15,75,105)
rgb(15,75,120)
rgb(15,75,135)
rgb(15,75,150)
rgb(15,75,165)
rgb(15,75,180)
rgb(15,75,195)
rgb(15,75,210)
rgb(15,75,225)
rgb(15,75,240)
rgb(15,75,255)
rgb(15,90,0)
rgb(15,90,15)
rgb(15,90,30)
rgb(15,90,45)
rgb(15,90,60)
rgb(15,90,75)
rgb(15,90,90)
rgb(15,90,105)
rgb(15,90,120)
rgb(15,90,135)
rgb(15,90,150)
rgb(15,90,165)
rgb(15,90,180)
rgb(15,90,195)
rgb(15,90,210)
rgb(15,90,225)
rgb(15,90,240)
rgb(15,90,255)
rgb(15,105,0)
rgb(15,105,15)
rgb(15,105,30)
rgb(15,105,45)
rgb(15,105,60)
rgb(15,105,75)
rgb(15,105,90)
rgb(15,105,105)
rgb(15,105,120)
rgb(15,105,135)
rgb(15,105,150)
rgb(15,105,165)
rgb(15,105,180)
rgb(15,105,195)
rgb(15,105,210)
rgb(15,105,225)
rgb(15,105,240)
rgb(15,105,255)
rgb(15,120,0)
rgb(15,120,15)
rgb(15,120,30)
rgb(15,120,45)
rgb(15,120,60)
rgb(15,120,75)
rgb(15,120,90)
rgb(15,120,105)
rgb(15,120,120)
rgb(15,120,135)
rgb(15,120,150)
rgb(15,120,165)
rgb(15,120,180)
rgb(15,120,195)
rgb(15,120,210)
rgb(15,120,225)
rgb(15,120,240)
rgb(15,120,255)
rgb(15,135,0)
rgb(15,135,15)
rgb(15,135,30)
rgb(15,135,45)
rgb(15,135,60)
rgb(15,135,75)
rgb(15,135,90)
rgb(15,135,105)
rgb(15,135,120)
rgb(15,135,135)
rgb(15,135,150)
rgb(15,135,165)
rgb(15,135,180)
rgb(15,135,195)
rgb(15,135,210)
rgb(15,135,225)
rgb(15,135,240)
rgb(15,135,255)
rgb(15,150,0)
rgb(15,150,15)
rgb(15,150,30)
rgb(15,150,45)
rgb(15,150,60)
rgb(15,150,75)
rgb(15,150,90)
rgb(15,150,105)
rgb(15,150,120)
rgb(15,150,135)
rgb(15,150,150)
rgb(15,150,165)
rgb(15,150,180)
rgb(15,150,195)
rgb(15,150,210)
rgb(15,150,225)
rgb(15,150,240)
rgb(15,150,255)
rgb(15,165,0)
rgb(15,165,15)
rgb(15,165,30)
rgb(15,165,45)
rgb(15,165,60)
rgb(15,165,75)
rgb(15,165,90)
rgb(15,165,105)
rgb(15,165,120)
rgb(15,165,135)
rgb(15,165,150)
rgb(15,165,165)
rgb(15,165,180)
rgb(15,165,195)
rgb(15,165,210)
rgb(15,165,225)
rgb(15,165,240)
rgb(15,165,255)
rgb(15,180,0)
rgb(15,180,15)
rgb(15,180,30)
rgb(15,180,45)
rgb(15,180,60)
rgb(15,180,75)
rgb(15,180,90)
rgb(15,180,105)
rgb(15,180,120)
rgb(15,180,135)
rgb(15,180,150)
rgb(15,180,165)
rgb(15,180,180)
rgb(15,180,195)
rgb(15,180,210)
rgb(15,180,225)
rgb(15,180,240)
rgb(15,180,255)
rgb(15,195,0)
rgb(15,195,15)
rgb(15,195,30)
rgb(15,195,45)
rgb(15,195,60)
rgb(15,195,75)
rgb(15,195,90)
rgb(15,195,105)
rgb(15,195,120)
rgb(15,195,135)
rgb(15,195,150)
rgb(15,195,165)
rgb(15,195,180)
rgb(15,195,195)
rgb(15,195,210)
rgb(15,195,225)
rgb(15,195,240)
rgb(15,195,255)
rgb(15,210,0)
rgb(15,210,15)
rgb(15,210,30)
rgb(15,210,45)
rgb(15,210,60)
rgb(15,210,75)
rgb(15,210,90)
rgb(15,210,105)
rgb(15,210,120)
rgb(15,210,135)
rgb(15,210,150)
rgb(15,210,165)
rgb(15,210,180)
rgb(15,210,195)
rgb(15,210,210)
rgb(15,210,225)
rgb(15,210,240)
rgb(15,210,255)
rgb(15,225,0)
rgb(15,225,15)
rgb(15,225,30)
rgb(15,225,45)
rgb(15,225,60)
rgb(15,225,75)
rgb(15,225,90)
rgb(15,225,105)
rgb(15,225,120)
rgb(15,225,135)
rgb(15,225,150)
rgb(15,225,165)
rgb(15,225,180)
rgb(15,225,195)
rgb(15,225,210)
rgb(15,225,225)
rgb(15,225,240)
rgb(15,225,255)
rgb(15,240,0)
rgb(15,240,15)
rgb(15,240,30)
rgb(15,240,45)
rgb(15,240,60)
rgb(15,240,75)
rgb(15,240,90)
rgb(15,240,105)
rgb(15,240,120)
rgb(15,240,135)
rgb(15,240,150)
rgb(15,240,165)
rgb(15,240,180)
rgb(15,240,195)
rgb(15,240,210)
rgb(15,240,225)
rgb(15,240,240)
rgb(15,240,255)
rgb(15,255,0)
rgb(15,255,15)
rgb(15,255,30)
rgb(15,255,45)
rgb(15,255,60)
rgb(15,255,75)
rgb(15,255,90)
rgb(15,255,105)
rgb(15,255,120)
rgb(15,255,135)
rgb(15,255,150)
rgb(15,255,165)
rgb(15,255,180)
rgb(15,255,195)
rgb(15,255,210)
rgb(15,255,225)
rgb(15,255,240)
rgb(15,255,255)
rgb(30,0,0)
rgb(30,0,15)
rgb(30,0,30)
rgb(30,0,45)
rgb(30,0,60)
rgb(30,0,75)
rgb(30,0,90)
rgb(30,0,105)
rgb(30,0,120)
rgb(30,0,135)
rgb(30,0,150)
rgb(30,0,165)
rgb(30,0,180)
rgb(30,0,195)
rgb(30,0,210)
rgb(30,0,225)
rgb(30,0,240)
rgb(30,0,255)
rgb(30,15,0)
rgb(30,15,15)
rgb(30,15,30)
rgb(30,15,45)
rgb(30,15,60)
rgb(30,15,75)
rgb(30,15,90)
rgb(30,15,105)
rgb(30,15,120)
rgb(30,15,135)
rgb(30,15,150)
rgb(30,15,165)
rgb(30,15,180)
rgb(30,15,195)
rgb(30,15,210)
rgb(30,15,225)
rgb(30,15,240)
rgb(30,15,255)
rgb(30,30,0)
rgb(30,30,15)
rgb(30,30,30)
rgb(30,30,45)
rgb(30,30,60)
rgb(30,30,75)
rgb(30,30,90)
rgb(30,30,105)
rgb(30,30,120)
rgb(30,30,135)
rgb(30,30,150)
rgb(30,30,165)
rgb(30,30,180)
rgb(30,30,195)
rgb(30,30,210)
rgb(30,30,225)
rgb(30,30,240)
rgb(30,30,255)
rgb(30,45,0)
rgb(30,45,15)
rgb(30,45,30)
rgb(30,45,45)
rgb(30,45,60)
rgb(30,45,75)
rgb(30,45,90)
rgb(30,45,105)
rgb(30,45,120)
rgb(30,45,135)
rgb(30,45,150)
rgb(30,45,165)
rgb(30,45,180)
rgb(30,45,195)
rgb(30,45,210)
rgb(30,45,225)
rgb(30,45,240)
rgb(30,45,255)
rgb(30,60,0)
rgb(30,60,15)
rgb(30,60,30)
rgb(30,60,45)
rgb(30,60,60)
rgb(30,60,75)
rgb(30,60,90)
rgb(30,60,105)
rgb(30,60,120)
rgb(30,60,135)
rgb(30,60,150)
rgb(30,60,165)
rgb(30,60,180)
rgb(30,60,195)
rgb(30,60,210)
rgb(30,60,225)
rgb(30,60,240)
rgb(30,60,255)
rgb(30,75,0)
rgb(30,75,15)
rgb(30,75,30)
rgb(30,75,45)
rgb(30,75,60)
rgb(30,75,75)
rgb(30,75,90)
rgb(30,75,105)
rgb(30,75,120)
rgb(30,75,135)
rgb(30,75,150)
rgb(30,75,165)
rgb(30,75,180)
rgb(30,75,195)
rgb(30,75,210)
rgb(30,75,225)
rgb(30,75,240)
rgb(30,75,255)
rgb(30,90,0)
rgb(30,90,15)
rgb(30,90,30)
rgb(30,90,45)
rgb(30,90,60)
rgb(30,90,75)
rgb(30,90,90)
rgb(30,90,105)
rgb(30,90,120)
rgb(30,90,135)
rgb(30,90,150)
rgb(30,90,165)
rgb(30,90,180)
rgb(30,90,195)
rgb(30,90,210)
rgb(30,90,225)
rgb(30,90,240)
rgb(30,90,255)
rgb(30,105,0)
rgb(30,105,15)
rgb(30,105,30)
rgb(30,105,45)
rgb(30,105,60)
rgb(30,105,75)
rgb(30,105,90)
rgb(30,105,105)
rgb(30,105,120)
rgb(30,105,135)
rgb(30,105,150)
rgb(30,105,165)
rgb(30,105,180)
rgb(30,105,195)
rgb(30,105,210)
rgb(30,105,225)
rgb(30,105,240)
rgb(30,105,255)
rgb(30,120,0)
rgb(30,120,15)
rgb(30,120,30)
rgb(30,120,45)
rgb(30,120,60)
rgb(30,120,75)
rgb(30,120,90)
rgb(30,120,105)
rgb(30,120,120)
rgb(30,120,135)
rgb(30,120,150)
rgb(30,120,165)
rgb(30,120,180)
rgb(30,120,195)
rgb(30,120,210)
rgb(30,120,225)
rgb(30,120,240)
rgb(30,120,255)
rgb(30,135,0)
rgb(30,135,15)
rgb(30,135,30)
rgb(30,135,45)
rgb(30,135,60)
rgb(30,135,75)
rgb(30,135,90)
rgb(30,135,105)
rgb(30,135,120)
rgb(30,135,135)
rgb(30,135,150)
rgb(30,135,165)
rgb(30,135,180)
rgb(30,135,195)
rgb(30,135,210)
rgb(30,135,225)
rgb(30,135,240)
rgb(30,135,255)
rgb(30,150,0)
rgb(30,150,15)
rgb(30,150,30)
rgb(30,150,45)
rgb(30,150,60)
rgb(30,150,75)
rgb(30,150,90)
rgb(30,150,105)
rgb(30,150,120)
rgb(30,150,135)
rgb(30,150,150)
rgb(30,150,165)
rgb(30,150,180)
rgb(30,150,195)
rgb(30,150,210)
rgb(30,150,225)
rgb(30,150,240)
rgb(30,150,255)
rgb(30,165,0)
rgb(30,165,15)
rgb(30,165,30)
rgb(30,165,45)
rgb(30,165,60)
rgb(30,165,75)
rgb(30,165,90)
rgb(30,165,105)
rgb(30,165,120)
rgb(30,165,135)
rgb(30,165,150)
rgb(30,165,165)
rgb(30,165,180)
rgb(30,165,195)
rgb(30,165,210)
rgb(30,165,225)
rgb(30,165,240)
rgb(30,165,255)
rgb(30,180,0)
rgb(30,180,15)
rgb(30,180,30)
rgb(30,180,45)
rgb(30,180,60)
rgb(30,180,75)
rgb(30,180,90)
rgb(30,180,105)
rgb(30,180,120)
rgb(30,180,135)
rgb(30,180,150)
rgb(30,180,165)
rgb(30,180,180)
rgb(30,180,195)
rgb(30,180,210)
rgb(30,180,225)
rgb(30,180,240)
rgb(30,180,255)
rgb(30,195,0)
rgb(30,195,15)
rgb(30,195,30)
rgb(30,195,45)
rgb(30,195,60)
rgb(30,195,75)
rgb(30,195,90)
rgb(30,195,105)
rgb(30,195,120)
rgb(30,195,135)
rgb(30,195,150)
rgb(30,195,165)
rgb(30,195,180)
rgb(30,195,195)
rgb(30,195,210)
rgb(30,195,225)
rgb(30,195,240)
rgb(30,195,255)
rgb(30,210,0)
rgb(30,210,15)
rgb(30,210,30)
rgb(30,210,45)
rgb(30,210,60)
rgb(30,210,75)
rgb(30,210,90)
rgb(30,210,105)
rgb(30,210,120)
rgb(30,210,135)
rgb(30,210,150)
rgb(30,210,165)
rgb(30,210,180)
rgb(30,210,195)
rgb(30,210,210)
rgb(30,210,225)
rgb(30,210,240)
rgb(30,210,255)
rgb(30,225,0)
rgb(30,225,15)
rgb(30,225,30)
rgb(30,225,45)
rgb(30,225,60)
rgb(30,225,75)
rgb(30,225,90)
rgb(30,225,105)
rgb(30,225,120)
rgb(30,225,135)
rgb(30,225,150)
rgb(30,225,165)
rgb(30,225,180)
rgb(30,225,195)
rgb(30,225,210)
rgb(30,225,225)
rgb(30,225,240)
rgb(30,225,255)
rgb(30,240,0)
rgb(30,240,15)
rgb(30,240,30)
rgb(30,240,45)
rgb(30,240,60)
rgb(30,240,75)
rgb(30,240,90)
rgb(30,240,105)
rgb(30,240,120)
rgb(30,240,135)
rgb(30,240,150)
rgb(30,240,165)
rgb(30,240,180)
rgb(30,240,195)
rgb(30,240,210)
rgb(30,240,225)
rgb(30,240,240)
rgb(30,240,255)
rgb(30,255,0)
rgb(30,255,15)
rgb(30,255,30)
rgb(30,255,45)
rgb(30,255,60)
rgb(30,255,75)
rgb(30,255,90)
rgb(30,255,105)
rgb(30,255,120)
rgb(30,255,135)
rgb(30,255,150)
rgb(30,255,165)
rgb(30,255,180)
rgb(30,255,195)
rgb(30,255,210)
rgb(30,255,225)
rgb(30,255,240)
rgb(30,255,255)
rgb(45,0,0)
rgb(45,0,15)
rgb(45,0,30)
rgb(45,0,45)
rgb(45,0,60)
rgb(45,0,75)
rgb(45,0,90)
rgb(45,0,105)
rgb(45,0,120)
rgb(45,0,135)
rgb(45,0,150)
rgb(45,0,165)
rgb(45,0,180)
rgb(45,0,195)
rgb(45,0,210)
rgb(45,0,225)
rgb(45,0,240)
rgb(45,0,255)
rgb(45,15,0)
rgb(45,15,15)
rgb(45,15,30)
rgb(45,15,45)
rgb(45,15,60)
rgb(45,15,75)
rgb(45,15,90)
rgb(45,15,105)
rgb(45,15,120)
rgb(45,15,135)
rgb(45,15,150)
rgb(45,15,165)
rgb(45,15,180)
rgb(45,15,195)
rgb(45,15,210)
rgb(45,15,225)
rgb(45,15,240)
rgb(45,15,255)
rgb(45,30,0)
rgb(45,30,15)
rgb(45,30,30)
rgb(45,30,45)
rgb(45,30,60)
rgb(45,30,75)
rgb(45,30,90)
rgb(45,30,105)
rgb(45,30,120)
rgb(45,30,135)
rgb(45,30,150)
rgb(45,30,165)
rgb(45,30,180)
rgb(45,30,195)
rgb(45,30,210)
rgb(45,30,225)
rgb(45,30,240)
rgb(45,30,255)
rgb(45,45,0)
rgb(45,45,15)
rgb(45,45,30)
rgb(45,45,45)
rgb(45,45,60)
rgb(45,45,75)
rgb(45,45,90)
rgb(45,45,105)
rgb(45,45,120)
rgb(45,45,135)
rgb(45,45,150)
rgb(45,45,165)
rgb(45,45,180)
rgb(45,45,195)
rgb(45,45,210)
rgb(45,45,225)
rgb(45,45,240)
rgb(45,45,255)
rgb(45,60,0)
rgb(45,60,15)
rgb(45,60,30)
rgb(45,60,45)
rgb(45,60,60)
rgb(45,60,75)
rgb(45,60,90)
rgb(45,60,105)
rgb(45,60,120)
rgb(45,60,135)
rgb(45,60,150)
rgb(45,60,165)
rgb(45,60,180)
rgb(45,60,195)
rgb(45,60,210)
rgb(45,60,225)
rgb(45,60,240)
rgb(45,60,255)
rgb(45,75,0)
rgb(45,75,15)
rgb(45,75,30)
rgb(45,75,45)
rgb(45,75,60)
rgb(45,75,75)
rgb(45,75,90)
rgb(45,75,105)
rgb(45,75,120)
rgb(45,75,135)
rgb(45,75,150)
rgb(45,75,165)
rgb(45,75,180)
rgb(45,75,195)
rgb(45,75,210)
rgb(45,75,225)
rgb(45,75,240)
rgb(45,75,255)
rgb(45,90,0)
rgb(45,90,15)
rgb(45,90,30)
rgb(45,90,45)
rgb(45,90,60)
rgb(45,90,75)
rgb(45,90,90)
rgb(45,90,105)
rgb(45,90,120)
rgb(45,90,135)
rgb(45,90,150)
rgb(45,90,165)
rgb(45,90,180)
rgb(45,90,195)
rgb(45,90,210)
rgb(45,90,225)
rgb(45,90,240)
rgb(45,90,255)
rgb(45,105,0)
rgb(45,105,15)
rgb(45,105,30)
rgb(45,105,45)
rgb(45,105,60)
rgb(45,105,75)
rgb(45,105,90)
rgb(45,105,105)
rgb(45,105,120)
rgb(45,105,135)
rgb(45,105,150)
rgb(45,105,165)
rgb(45,105,180)
rgb(45,105,195)
rgb(45,105,210)
rgb(45,105,225)
rgb(45,105,240)
rgb(45,105,255)
rgb(45,120,0)
rgb(45,120,15)
rgb(45,120,30)
rgb(45,120,45)
rgb(45,120,60)
rgb(45,120,75)
rgb(45,120,90)
rgb(45,120,105)
rgb(45,120,120)
rgb(45,120,135)
rgb(45,120,150)
rgb(45,120,165)
rgb(45,120,180)
rgb(45,120,195)
rgb(45,120,210)
rgb(45,120,225)
rgb(45,120,240)
rgb(45,120,255)
rgb(45,135,0)
rgb(45,135,15)
rgb(45,135,30)
rgb(45,135,45)
rgb(45,135,60)
rgb(45,135,75)
rgb(45,135,90)
rgb(45,135,105)
rgb(45,135,120)
rgb(45,135,135)
rgb(45,135,150)
rgb(45,135,165)
rgb(45,135,180)
rgb(45,135,195)
rgb(45,135,210)
rgb(45,135,225)
rgb(45,135,240)
rgb(45,135,255)
rgb(45,150,0)
rgb(45,150,15)
rgb(45,150,30)
rgb(45,150,45)
rgb(45,150,60)
rgb(45,150,75)
rgb(45,150,90)
rgb(45,150,105)
rgb(45,150,120)
rgb(45,150,135)
rgb(45,150,150)
rgb(45,150,165)
rgb(45,150,180)
rgb(45,150,195)
rgb(45,150,210)
rgb(45,150,225)
rgb(45,150,240)
rgb(45,150,255)
rgb(45,165,0)
rgb(45,165,15)
rgb(45,165,30)
rgb(45,165,45)
rgb(45,165,60)
rgb(45,165,75)
rgb(45,165,90)
rgb(45,165,105)
rgb(45,165,120)
rgb(45,165,135)
rgb(45,165,150)
rgb(45,165,165)
rgb(45,165,180)
rgb(45,165,195)
rgb(45,165,210)
rgb(45,165,225)
rgb(45,165,240)
rgb(45,165,255)
rgb(45,180,0)
rgb(45,180,15)
rgb(45,180,30)
rgb(45,180,45)
rgb(45,180,60)
rgb(45,180,75)
rgb(45,180,90)
rgb(45,180,105)
rgb(45,180,120)
rgb(45,180,135)
rgb(45,180,150)
rgb(45,180,165)
rgb(45,180,180)
rgb(45,180,195)
rgb(45,180,210)
rgb(45,180,225)
rgb(45,180,240)
rgb(45,180,255)
rgb(45,195,0)
rgb(45,195,15)
rgb(45,195,30)
rgb(45,195,45)
rgb(45,195,60)
rgb(45,195,75)
rgb(45,195,90)
rgb(45,195,105)
rgb(45,195,120)
rgb(45,195,135)
rgb(45,195,150)
rgb(45,195,165)
rgb(45,195,180)
rgb(45,195,195)
rgb(45,195,210)
rgb(45,195,225)
rgb(45,195,240)
rgb(45,195,255)
rgb(45,210,0)
rgb(45,210,15)
rgb(45,210,30)
rgb(45,210,45)
rgb(45,210,60)
rgb(45,210,75)
rgb(45,210,90)
rgb(45,210,105)
rgb(45,210,120)
rgb(45,210,135)
rgb(45,210,150)
rgb(45,210,165)
rgb(45,210,180)
rgb(45,210,195)
rgb(45,210,210)
rgb(45,210,225)
rgb(45,210,240)
rgb(45,210,255)
rgb(45,225,0)
rgb(45,225,15)
rgb(45,225,30)
rgb(45,225,45)
rgb(45,225,60)
rgb(45,225,75)
rgb(45,225,90)
rgb(45,225,105)
rgb(45,225,120)
rgb(45,225,135)
rgb(45,225,150)
rgb(45,225,165)
rgb(45,225,180)
rgb(45,225,195)
rgb(45,225,210)
rgb(45,225,225)
rgb(45,225,240)
rgb(45,225,255)
rgb(45,240,0)
rgb(45,240,15)
rgb(45,240,30)
rgb(45,240,45)
rgb(45,240,60)
rgb(45,240,75)
rgb(45,240,90)
rgb(45,240,105)
rgb(45,240,120)
rgb(45,240,135)
rgb(45,240,150)
rgb(45,240,165)
rgb(45,240,180)
rgb(45,240,195)
rgb(45,240,210)
rgb(45,240,225)
rgb(45,240,240)
rgb(45,240,255)
rgb(45,255,0)
rgb(45,255,15)
rgb(45,255,30)
rgb(45,255,45)
rgb(45,255,60)
rgb(45,255,75)
rgb(45,255,90)
rgb(45,255,105)
rgb(45,255,120)
rgb(45,255,135)
rgb(45,255,150)
rgb(45,255,165)
rgb(45,255,180)
rgb(45,255,195)
rgb(45,255,210)
rgb(45,255,225)
rgb(45,255,240)
rgb(45,255,255)
rgb(60,0,0)
rgb(60,0,15)
rgb(60,0,30)
rgb(60,0,45)
rgb(60,0,60)
rgb(60,0,75)
rgb(60,0,90)
rgb(60,0,105)
rgb(60,0,120)
rgb(60,0,135)
rgb(60,0,150)
rgb(60,0,165)
rgb(60,0,180)
rgb(60,0,195)
rgb(60,0,210)
rgb(60,0,225)
rgb(60,0,240)
rgb(60,0,255)
rgb(60,15,0)
rgb(60,15,15)
rgb(60,15,30)
rgb(60,15,45)
rgb(60,15,60)
rgb(60,15,75)
rgb(60,15,90)
rgb(60,15,105)
rgb(60,15,120)
rgb(60,15,135)
rgb(60,15,150)
rgb(60,15,165)
rgb(60,15,180)
rgb(60,15,195)
rgb(60,15,210)
rgb(60,15,225)
rgb(60,15,240)
rgb(60,15,255)
rgb(60,30,0)
rgb(60,30,15)
rgb(60,30,30)
rgb(60,30,45)
rgb(60,30,60)
rgb(60,30,75)
rgb(60,30,90)
rgb(60,30,105)
rgb(60,30,120)
rgb(60,30,135)
rgb(60,30,150)
rgb(60,30,165)
rgb(60,30,180)
rgb(60,30,195)
rgb(60,30,210)
rgb(60,30,225)
rgb(60,30,240)
rgb(60,30,255)
rgb(60,45,0)
rgb(60,45,15)
rgb(60,45,30)
rgb(60,45,45)
rgb(60,45,60)
rgb(60,45,75)
rgb(60,45,90)
rgb(60,45,105)
rgb(60,45,120)
rgb(60,45,135)
rgb(60,45,150)
rgb(60,45,165)
rgb(60,45,180)
rgb(60,45,195)
rgb(60,45,210)
rgb(60,45,225)
rgb(60,45,240)
rgb(60,45,255)
rgb(60,60,0)
rgb(60,60,15)
rgb(60,60,30)
rgb(60,60,45)
rgb(60,60,60)
rgb(60,60,75)
rgb(60,60,90)
rgb(60,60,105)
rgb(60,60,120)
rgb(60,60,135)
rgb(60,60,150)
rgb(60,60,165)
rgb(60,60,180)
rgb(60,60,195)
rgb(60,60,210)
rgb(60,60,225)
rgb(60,60,240)
rgb(60,60,255)
rgb(60,75,0)
rgb(60,75,15)
rgb(60,75,30)
rgb(60,75,45)
rgb(60,75,60)
rgb(60,75,75)
rgb(60,75,90)
rgb(60,75,105)
rgb(60,75,120)
rgb(60,75,135)
rgb(60,75,150)
rgb(60,75,165)
rgb(60,75,180)
rgb(60,75,195)
rgb(60,75,210)
rgb(60,75,225)
rgb(60,75,240)
rgb(60,75,255)
rgb(60,90,0)
rgb(60,90,15)
rgb(60,90,30)
rgb(60,90,45)
rgb(60,90,60)
rgb(60,90,75)
rgb(60,90,90)
rgb(60,90,105)
rgb(60,90,120)
rgb(60,90,135)
rgb(60,90,150)
rgb(60,90,165)
rgb(60,90,180)
rgb(60,90,195)
rgb(60,90,210)
rgb(60,90,225)
rgb(60,90,240)
rgb(60,90,255)
rgb(60,105,0)
rgb(60,105,15)
rgb(60,105,30)
rgb(60,105,45)
rgb(60,105,60)
rgb(60,105,75)
rgb(60,105,90)
rgb(60,105,105)
rgb(60,105,120)
rgb(60,105,135)
rgb(60,105,150)
rgb(60,105,165)
rgb(60,105,180)
rgb(60,105,195)
rgb(60,105,210)
rgb(60,105,225)
rgb(60,105,240)
rgb(60,105,255)
rgb(60,120,0)
rgb(60,120,15)
rgb(60,120,30)
rgb(60,120,45)
rgb(60,120,60)
rgb(60,120,75)
rgb(60,120,90)
rgb(60,120,105)
rgb(60,120,120)
rgb(60,120,135)
rgb(60,120,150)
rgb(60,120,165)
rgb(60,120,180)
rgb(60,120,195)
rgb(60,120,210)
rgb(60,120,225)
rgb(60,120,240)
rgb(60,120,255)
rgb(60,135,0)
rgb(60,135,15)
rgb(60,135,30)
rgb(60,135,45)
rgb(60,135,60)
rgb(60,135,75)
rgb(60,135,90)
rgb(60,135,105)
rgb(60,135,120)
rgb(60,135,135)
rgb(60,135,150)
rgb(60,135,165)
rgb(60,135,180)
rgb(60,135,195)
rgb(60,135,210)
rgb(60,135,225)
rgb(60,135,240)
rgb(60,135,255)
rgb(60,150,0)
rgb(60,150,15)
rgb(60,150,30)
rgb(60,150,45)
rgb(60,150,60)
rgb(60,150,75)
rgb(60,150,90)
rgb(60,150,105)
rgb(60,150,120)
rgb(60,150,135)
rgb(60,150,150)
rgb(60,150,165)
rgb(60,150,180)
rgb(60,150,195)
rgb(60,150,210)
rgb(60,150,225)
rgb(60,150,240)
rgb(60,150,255)
rgb(60,165,0)
rgb(60,165,15)
rgb(60,165,30)
rgb(60,165,45)
rgb(60,165,60)
rgb(60,165,75)
rgb(60,165,90)
rgb(60,165,105)
rgb(60,165,120)
rgb(60,165,135)
rgb(60,165,150)
rgb(60,165,165)
rgb(60,165,180)
rgb(60,165,195)
rgb(60,165,210)
rgb(60,165,225)
rgb(60,165,240)
rgb(60,165,255)
rgb(60,180,0)
rgb(60,180,15)
rgb(60,180,30)
rgb(60,180,45)
rgb(60,180,60)
rgb(60,180,75)
rgb(60,180,90)
rgb(60,180,105)
rgb(60,180,120)
rgb(60,180,135)
rgb(60,180,150)
rgb(60,180,165)
rgb(60,180,180)
rgb(60,180,195)
rgb(60,180,210)
rgb(60,180,225)
rgb(60,180,240)
rgb(60,180,255)
rgb(60,195,0)
rgb(60,195,15)
rgb(60,195,30)
rgb(60,195,45)
rgb(60,195,60)
rgb(60,195,75)
rgb(60,195,90)
rgb(60,195,105)
rgb(60,195,120)
rgb(60,195,135)
rgb(60,195,150)
rgb(60,195,165)
rgb(60,195,180)
rgb(60,195,195)
rgb(60,195,210)
rgb(60,195,225)
rgb(60,195,240)
rgb(60,195,255)
rgb(60,210,0)
rgb(60,210,15)
rgb(60,210,30)
rgb(60,210,45)
rgb(60,210,60)
rgb(60,210,75)
rgb(60,210,90)
rgb(60,210,105)
rgb(60,210,120)
rgb(60,210,135)
rgb(60,210,150)
rgb(60,210,165)
rgb(60,210,180)
rgb(60,210,195)
rgb(60,210,210)
rgb(60,210,225)
rgb(60,210,240)
rgb(60,210,255)
rgb(60,225,0)
rgb(60,225,15)
rgb(60,225,30)
rgb(60,225,45)
rgb(60,225,60)
rgb(60,225,75)
rgb(60,225,90)
rgb(60,225,105)
rgb(60,225,120)
rgb(60,225,135)
rgb(60,225,150)
rgb(60,225,165)
rgb(60,225,180)
rgb(60,225,195)
rgb(60,225,210)
rgb(60,225,225)
rgb(60,225,240)
rgb(60,225,255)
rgb(60,240,0)
rgb(60,240,15)
rgb(60,240,30)
rgb(60,240,45)
rgb(60,240,60)
rgb(60,240,75)
rgb(60,240,90)
rgb(60,240,105)
rgb(60,240,120)
rgb(60,240,135)
rgb(60,240,150)
rgb(60,240,165)
rgb(60,240,180)
rgb(60,240,195)
rgb(60,240,210)
rgb(60,240,225)
rgb(60,240,240)
rgb(60,240,255)
rgb(60,255,0)
rgb(60,255,15)
rgb(60,255,30)
rgb(60,255,45)
rgb(60,255,60)
rgb(60,255,75)
rgb(60,255,90)
rgb(60,255,105)
rgb(60,255,120)
rgb(60,255,135)
rgb(60,255,150)
rgb(60,255,165)
rgb(60,255,180)
rgb(60,255,195)
rgb(60,255,210)
rgb(60,255,225)
rgb(60,255,240)
rgb(60,255,255)
rgb(75,0,0)
rgb(75,0,15)
rgb(75,0,30)
rgb(75,0,45)
rgb(75,0,60)
rgb(75,0,75)
rgb(75,0,90)
rgb(75,0,105)
rgb(75,0,120)
rgb(75,0,135)
rgb(75,0,150)
rgb(75,0,165)
rgb(75,0,180)
rgb(75,0,195)
rgb(75,0,210)
rgb(75,0,225)
rgb(75,0,240)
rgb(75,0,255)
rgb(75,15,0)
rgb(75,15,15)
rgb(75,15,30)
rgb(75,15,45)
rgb(75,15,60)
rgb(75,15,75)
rgb(75,15,90)
rgb(75,15,105)
rgb(75,15,120)
rgb(75,15,135)
rgb(75,15,150)
rgb(75,15,165)
rgb(75,15,180)
rgb(75,15,195)
rgb(75,15,210)
rgb(75,15,225)
rgb(75,15,240)
rgb(75,15,255)
rgb(75,30,0)
rgb(75,30,15)
rgb(75,30,30)
rgb(75,30,45)
rgb(75,30,60)
rgb(75,30,75)
rgb(75,30,90)
rgb(75,30,105)
rgb(75,30,120)
rgb(75,30,135)
rgb(75,30,150)
rgb(75,30,165)
rgb(75,30,180)
rgb(75,30,195)
rgb(75,30,210)
rgb(75,30,225)
rgb(75,30,240)
rgb(75,30,255)
rgb(75,45,0)
rgb(75,45,15)
rgb(75,45,30)
rgb(75,45,45)
rgb(75,45,60)
rgb(75,45,75)
rgb(75,45,90)
rgb(75,45,105)
rgb(75,45,120)
rgb(75,45,135)
rgb(75,45,150)
rgb(75,45,165)
rgb(75,45,180)
rgb(75,45,195)
rgb(75,45,210)
rgb(75,45,225)
rgb(75,45,240)
rgb(75,45,255)
rgb(75,60,0)
rgb(75,60,15)
rgb(75,60,30)
rgb(75,60,45)
rgb(75,60,60)
rgb(75,60,75)
rgb(75,60,90)
rgb(75,60,105)
rgb(75,60,120)
rgb(75,60,135)
rgb(75,60,150)
rgb(75,60,165)
rgb(75,60,180)
rgb(75,60,195)
rgb(75,60,210)
rgb(75,60,225)
rgb(75,60,240)
rgb(75,60,255)
rgb(75,75,0)
rgb(75,75,15)
rgb(75,75,30)
rgb(75,75,45)
rgb(75,75,60)
rgb(75,75,75)
rgb(75,75,90)
rgb(75,75,105)
rgb(75,75,120)
rgb(75,75,135)
rgb(75,75,150)
rgb(75,75,165)
rgb(75,75,180)
rgb(75,75,195)
rgb(75,75,210)
rgb(75,75,225)
rgb(75,75,240)
rgb(75,75,255)
rgb(75,90,0)
rgb(75,90,15)
rgb(75,90,30)
rgb(75,90,45)
rgb(75,90,60)
rgb(75,90,75)
rgb(75,90,90)
rgb(75,90,105)
rgb(75,90,120)
rgb(75,90,135)
rgb(75,90,150)
rgb(75,90,165)
rgb(75,90,180)
rgb(75,90,195)
rgb(75,90,210)
rgb(75,90,225)
rgb(75,90,240)
rgb(75,90,255)
rgb(75,105,0)
rgb(75,105,15)
rgb(75,105,30)
rgb(75,105,45)
rgb(75,105,60)
rgb(75,105,75)
rgb(75,105,90)
rgb(75,105,105)
rgb(75,105,120)
rgb(75,105,135)
rgb(75,105,150)
rgb(75,105,165)
rgb(75,105,180)
rgb(75,105,195)
rgb(75,105,210)
rgb(75,105,225)
rgb(75,105,240)
rgb(75,105,255)
rgb(75,120,0)
rgb(75,120,15)
rgb(75,120,30)
rgb(75,120,45)
rgb(75,120,60)
rgb(75,120,75)
rgb(75,120,90)
rgb(75,120,105)
rgb(75,120,120)
rgb(75,120,135)
rgb(75,120,150)
rgb(75,120,165)
rgb(75,120,180)
rgb(75,120,195)
rgb(75,120,210)
rgb(75,120,225)
rgb(75,120,240)
rgb(75,120,255)
rgb(75,135,0)
rgb(75,135,15)
rgb(75,135,30)
rgb(75,135,45)
rgb(75,135,60)
rgb(75,135,75)
rgb(75,135,90)
rgb(75,135,105)
rgb(75,135,120)
rgb(75,135,135)
rgb(75,135,150)
rgb(75,135,165)
rgb(75,135,180)
rgb(75,135,195)
rgb(75,135,210)
rgb(75,135,225)
rgb(75,135,240)
rgb(75,135,255)
rgb(75,150,0)
rgb(75,150,15)
rgb(75,150,30)
rgb(75,150,45)
rgb(75,150,60)
rgb(75,150,75)
rgb(75,150,90)
rgb(75,150,105)
rgb(75,150,120)
rgb(75,150,135)
rgb(75,150,150)
rgb(75,150,165)
rgb(75,150,180)
rgb(75,150,195)
rgb(75,150,210)
rgb(75,150,225)
rgb(75,150,240)
rgb(75,150,255)
rgb(75,165,0)
rgb(75,165,15)
rgb(75,165,30)
rgb(75,165,45)
rgb(75,165,60)
rgb(75,165,75)
rgb(75,165,90)
rgb(75,165,105)
rgb(75,165,120)
rgb(75,165,135)
rgb(75,165,150)
rgb(75,165,165)
rgb(75,165,180)
rgb(75,165,195)
rgb(75,165,210)
rgb(75,165,225)
rgb(75,165,240)
rgb(75,165,255)
rgb(75,180,0)
rgb(75,180,15)
rgb(75,180,30)
rgb(75,180,45)
rgb(75,180,60)
rgb(75,180,75)
rgb(75,180,90)
rgb(75,180,105)
rgb(75,180,120)
rgb(75,180,135)
rgb(75,180,150)
rgb(75,180,165)
rgb(75,180,180)
rgb(75,180,195)
rgb(75,180,210)
rgb(75,180,225)
rgb(75,180,240)
rgb(75,180,255)
rgb(75,195,0)
rgb(75,195,15)
rgb(75,195,30)
rgb(75,195,45)
rgb(75,195,60)
rgb(75,195,75)
rgb(75,195,90)
rgb(75,195,105)
rgb(75,195,120)
rgb(75,195,135)
rgb(75,195,150)
rgb(75,195,165)
rgb(75,195,180)
rgb(75,195,195)
rgb(75,195,210)
rgb(75,195,225)
rgb(75,195,240)
rgb(75,195,255)
rgb(75,210,0)
rgb(75,210,15)
rgb(75,210,30)
rgb(75,210,45)
rgb(75,210,60)
rgb(75,210,75)
rgb(75,210,90)
rgb(75,210,105)
rgb(75,210,120)
rgb(75,210,135)
rgb(75,210,150)
rgb(75,210,165)
rgb(75,210,180)
rgb(75,210,195)
rgb(75,210,210)
rgb(75,210,225)
rgb(75,210,240)
rgb(75,210,255)
rgb(75,225,0)
rgb(75,225,15)
rgb(75,225,30)
rgb(75,225,45)
rgb(75,225,60)
rgb(75,225,75)
rgb(75,225,90)
rgb(75,225,105)
rgb(75,225,120)
rgb(75,225,135)
rgb(75,225,150)
rgb(75,225,165)
rgb(75,225,180)
rgb(75,225,195)
rgb(75,225,210)
rgb(75,225,225)
rgb(75,225,240)
rgb(75,225,255)
rgb(75,240,0)
rgb(75,240,15)
rgb(75,240,30)
rgb(75,240,45)
rgb(75,240,60)
rgb(75,240,75)
rgb(75,240,90)
rgb(75,240,105)
rgb(75,240,120)
rgb(75,240,135)
rgb(75,240,150)
rgb(75,240,165)
rgb(75,240,180)
rgb(75,240,195)
rgb(75,240,210)
rgb(75,240,225)
rgb(75,240,240)
rgb(75,240,255)
rgb(75,255,0)
rgb(75,255,15)
rgb(75,255,30)
rgb(75,255,45)
rgb(75,255,60)
rgb(75,255,75)
rgb(75,255,90)
rgb(75,255,105)
rgb(75,255,120)
rgb(75,255,135)
rgb(75,255,150)
rgb(75,255,165)
rgb(75,255,180)
rgb(75,255,195)
rgb(75,255,210)
rgb(75,255,225)
rgb(75,255,240)
rgb(75,255,255)
rgb(90,0,0)
rgb(90,0,15)
rgb(90,0,30)
rgb(90,0,45)
rgb(90,0,60)
rgb(90,0,75)
rgb(90,0,90)
rgb(90,0,105)
rgb(90,0,120)
rgb(90,0,135)
rgb(90,0,150)
rgb(90,0,165)
rgb(90,0,180)
rgb(90,0,195)
rgb(90,0,210)
rgb(90,0,225)
rgb(90,0,240)
rgb(90,0,255)
rgb(90,15,0)
rgb(90,15,15)
rgb(90,15,30)
rgb(90,15,45)
rgb(90,15,60)
rgb(90,15,75)
rgb(90,15,90)
rgb(90,15,105)
rgb(90,15,120)
rgb(90,15,135)
rgb(90,15,150)
rgb(90,15,165)
rgb(90,15,180)
rgb(90,15,195)
rgb(90,15,210)
rgb(90,15,225)
rgb(90,15,240)
rgb(90,15,255)
rgb(90,30,0)
rgb(90,30,15)
rgb(90,30,30)
rgb(90,30,45)
rgb(90,30,60)
rgb(90,30,75)
rgb(90,30,90)
rgb(90,30,105)
rgb(90,30,120)
rgb(90,30,135)
rgb(90,30,150)
rgb(90,30,165)
rgb(90,30,180)
rgb(90,30,195)
rgb(90,30,210)
rgb(90,30,225)
rgb(90,30,240)
rgb(90,30,255)
rgb(90,45,0)
rgb(90,45,15)
rgb(90,45,30)
rgb(90,45,45)
rgb(90,45,60)
rgb(90,45,75)
rgb(90,45,90)
rgb(90,45,105)
rgb(90,45,120)
rgb(90,45,135)
rgb(90,45,150)
rgb(90,45,165)
rgb(90,45,180)
rgb(90,45,195)
rgb(90,45,210)
rgb(90,45,225)
rgb(90,45,240)
rgb(90,45,255)
rgb(90,60,0)
rgb(90,60,15)
rgb(90,60,30)
rgb(90,60,45)
rgb(90,60,60)
rgb(90,60,75)
rgb(90,60,90)
rgb(90,60,105)
rgb(90,60,120)
rgb(90,60,135)
rgb(90,60,150)
rgb(90,60,165)
rgb(90,60,180)
rgb(90,60,195)
rgb(90,60,210)
rgb(90,60,225)
rgb(90,60,240)
rgb(90,60,255)
rgb(90,75,0)
rgb(90,75,15)
rgb(90,75,30)
rgb(90,75,45)
rgb(90,75,60)
rgb(90,75,75)
rgb(90,75,90)
rgb(90,75,105)
rgb(90,75,120)
rgb(90,75,135)
rgb(90,75,150)
rgb(90,75,165)
rgb(90,75,180)
rgb(90,75,195)
rgb(90,75,210)
rgb(90,75,225)
rgb(90,75,240)
rgb(90,75,255)
rgb(90,90,0)
rgb(90,90,15)
rgb(90,90,30)
rgb(90,90,45)
rgb(90,90,60)
rgb(90,90,75)
rgb(90,90,90)
rgb(90,90,105)
rgb(90,90,120)
rgb(90,90,135)
rgb(90,90,150)
rgb(90,90,165)
rgb(90,90,180)
rgb(90,90,195)
rgb(90,90,210)
rgb(90,90,225)
rgb(90,90,240)
rgb(90,90,255)
rgb(90,105,0)
rgb(90,105,15)
rgb(90,105,30)
rgb(90,105,45)
rgb(90,105,60)
rgb(90,105,75)
rgb(90,105,90)
rgb(90,105,105)
rgb(90,105,120)
rgb(90,105,135)
rgb(90,105,150)
rgb(90,105,165)
rgb(90,105,180)
rgb(90,105,195)
rgb(90,105,210)
rgb(90,105,225)
rgb(90,105,240)
rgb(90,105,255)
rgb(90,120,0)
rgb(90,120,15)
rgb(90,120,30)
rgb(90,120,45)
rgb(90,120,60)
rgb(90,120,75)
rgb(90,120,90)
rgb(90,120,105)
rgb(90,120,120)
rgb(90,120,135)
rgb(90,120,150)
rgb(90,120,165)
rgb(90,120,180)
rgb(90,120,195)
rgb(90,120,210)
rgb(90,120,225)
rgb(90,120,240)
rgb(90,120,255)
rgb(90,135,0)
rgb(90,135,15)
rgb(90,135,30)
rgb(90,135,45)
rgb(90,135,60)
rgb(90,135,75)
rgb(90,135,90)
rgb(90,135,105)
rgb(90,135,120)
rgb(90,135,135)
rgb(90,135,150)
rgb(90,135,165)
rgb(90,135,180)
rgb(90,135,195)
rgb(90,135,210)
rgb(90,135,225)
rgb(90,135,240)
rgb(90,135,255)
rgb(90,150,0)
rgb(90,150,15)
rgb(90,150,30)
rgb(90,150,45)
rgb(90,150,60)
rgb(90,150,75)
rgb(90,150,90)
rgb(90,150,105)
rgb(90,150,120)
rgb(90,150,135)
rgb(90,150,150)
rgb(90,150,165)
rgb(90,150,180)
rgb(90,150,195)
rgb(90,150,210)
rgb(90,150,225)
rgb(90,150,240)
rgb(90,150,255)
rgb(90,165,0)
rgb(90,165,15)
rgb(90,165,30)
rgb(90,165,45)
rgb(90,165,60)
rgb(90,165,75)
rgb(90,165,90)
rgb(90,165,105)
rgb(90,165,120)
rgb(90,165,135)
rgb(90,165,150)
rgb(90,165,165)
rgb(90,165,180)
rgb(90,165,195)
rgb(90,165,210)
rgb(90,165,225)
rgb(90,165,240)
rgb(90,165,255)
rgb(90,180,0)
rgb(90,180,15)
rgb(90,180,30)
rgb(90,180,45)
rgb(90,180,60)
rgb(90,180,75)
rgb(90,180,90)
rgb(90,180,105)
rgb(90,180,120)
rgb(90,180,135)
rgb(90,180,150)
rgb(90,180,165)
rgb(90,180,180)
rgb(90,180,195)
rgb(90,180,210)
rgb(90,180,225)
rgb(90,180,240)
rgb(90,180,255)
rgb(90,195,0)
rgb(90,195,15)
rgb(90,195,30)
rgb(90,195,45)
rgb(90,195,60)
rgb(90,195,75)
rgb(90,195,90)
rgb(90,195,105)
rgb(90,195,120)
rgb(90,195,135)
rgb(90,195,150)
rgb(90,195,165)
rgb(90,195,180)
rgb(90,195,195)
rgb(90,195,210)
rgb(90,195,225)
rgb(90,195,240)
rgb(90,195,255)
rgb(90,210,0)
rgb(90,210,15)
rgb(90,210,30)
rgb(90,210,45)
rgb(90,210,60)
rgb(90,210,75)
rgb(90,210,90)
rgb(90,210,105)
rgb(90,210,120)
rgb(90,210,135)
rgb(90,210,150)
rgb(90,210,165)
rgb(90,210,180)
rgb(90,210,195)
rgb(90,210,210)
rgb(90,210,225)
rgb(90,210,240)
rgb(90,210,255)
rgb(90,225,0)
rgb(90,225,15)
rgb(90,225,30)
rgb(90,225,45)
rgb(90,225,60)
rgb(90,225,75)
rgb(90,225,90)
rgb(90,225,105)
rgb(90,225,120)
rgb(90,225,135)
rgb(90,225,150)
rgb(90,225,165)
rgb(90,225,180)
rgb(90,225,195)
rgb(90,225,210)
rgb(90,225,225)
rgb(90,225,240)
rgb(90,225,255)
rgb(90,240,0)
rgb(90,240,15)
rgb(90,240,30)
rgb(90,240,45)
rgb(90,240,60)
rgb(90,240,75)
rgb(90,240,90)
rgb(90,240,105)
rgb(90,240,120)
rgb(90,240,135)
rgb(90,240,150)
rgb(90,240,165)
rgb(90,240,180)
rgb(90,240,195)
rgb(90,240,210)
rgb(90,240,225)
rgb(90,240,240)
rgb(90,240,255)
rgb(90,255,0)
rgb(90,255,15)
rgb(90,255,30)
rgb(90,255,45)
rgb(90,255,60)
rgb(90,255,75)
rgb(90,255,90)
rgb(90,255,105)
rgb(90,255,120)
rgb(90,255,135)
rgb(90,255,150)
rgb(90,255,165)
rgb(90,255,180)
rgb(90,255,195)
rgb(90,255,210)
rgb(90,255,225)
rgb(90,255,240)
rgb(90,255,255)
rgb(105,0,0)
rgb(105,0,15)
rgb(105,0,30)
rgb(105,0,45)
rgb(105,0,60)
rgb(105,0,75)
rgb(105,0,90)
rgb(105,0,105)
rgb(105,0,120)
rgb(105,0,135)
rgb(105,0,150)
rgb(105,0,165)
rgb(105,0,180)
rgb(105,0,195)
rgb(105,0,210)
rgb(105,0,225)
rgb(105,0,240)
rgb(105,0,255)
rgb(105,15,0)
rgb(105,15,15)
rgb(105,15,30)
rgb(105,15,45)
rgb(105,15,60)
rgb(105,15,75)
rgb(105,15,90)
rgb(105,15,105)
rgb(105,15,120)
rgb(105,15,135)
rgb(105,15,150)
rgb(105,15,165)
rgb(105,15,180)
rgb(105,15,195)
rgb(105,15,210)
rgb(105,15,225)
rgb(105,15,240)
rgb(105,15,255)
rgb(105,30,0)
rgb(105,30,15)
rgb(105,30,30)
rgb(105,30,45)
rgb(105,30,60)
rgb(105,30,75)
rgb(105,30,90)
rgb(105,30,105)
rgb(105,30,120)
rgb(105,30,135)
rgb(105,30,150)
rgb(105,30,165)
rgb(105,30,180)
rgb(105,30,195)
rgb(105,30,210)
rgb(105,30,225)
rgb(105,30,240)
rgb(105,30,255)
rgb(105,45,0)
rgb(105,45,15)
rgb(105,45,30)
rgb(105,45,45)
rgb(105,45,60)
rgb(105,45,75)
rgb(105,45,90)
rgb(105,45,105)
rgb(105,45,120)
rgb(105,45,135)
rgb(105,45,150)
rgb(105,45,165)
rgb(105,45,180)
rgb(105,45,195)
rgb(105,45,210)
rgb(105,45,225)
rgb(105,45,240)
rgb(105,45,255)
rgb(105,60,0)
rgb(105,60,15)
rgb(105,60,30)
rgb(105,60,45)
rgb(105,60,60)
rgb(105,60,75)
rgb(105,60,90)
rgb(105,60,105)
rgb(105,60,120)
rgb(105,60,135)
rgb(105,60,150)
rgb(105,60,165)
rgb(105,60,180)
rgb(105,60,195)
rgb(105,60,210)
rgb(105,60,225)
rgb(105,60,240)
rgb(105,60,255)
rgb(105,75,0)
rgb(105,75,15)
rgb(105,75,30)
rgb(105,75,45)
rgb(105,75,60)
rgb(105,75,75)
rgb(105,75,90)
rgb(105,75,105)
rgb(105,75,120)
rgb(105,75,135)
rgb(105,75,150)
rgb(105,75,165)
rgb(105,75,180)
rgb(105,75,195)
rgb(105,75,210)
rgb(105,75,225)
rgb(105,75,240)
rgb(105,75,255)
rgb(105,90,0)
rgb(105,90,15)
rgb(105,90,30)
rgb(105,90,45)
rgb(105,90,60)
rgb(105,90,75)
rgb(105,90,90)
rgb(105,90,105)
rgb(105,90,120)
rgb(105,90,135)
rgb(105,90,150)
rgb(105,90,165)
rgb(105,90,180)
rgb(105,90,195)
rgb(105,90,210)
rgb(105,90,225)
rgb(105,90,240)
rgb(105,90,255)
rgb(105,105,0)
rgb(105,105,15)
rgb(105,105,30)
rgb(105,105,45)
rgb(105,105,60)
rgb(105,105,75)
rgb(105,105,90)
rgb(105,105,105)
rgb(105,105,120)
rgb(105,105,135)
rgb(105,105,150)
rgb(105,105,165)
rgb(105,105,180)
rgb(105,105,195)
rgb(105,105,210)
rgb(105,105,225)
rgb(105,105,240)
rgb(105,105,255)
rgb(105,120,0)
rgb(105,120,15)
rgb(105,120,30)
rgb(105,120,45)
rgb(105,120,60)
rgb(105,120,75)
rgb(105,120,90)
rgb(105,120,105)
rgb(105,120,120)
rgb(105,120,135)
rgb(105,120,150)
rgb(105,120,165)
rgb(105,120,180)
rgb(105,120,195)
rgb(105,120,210)
rgb(105,120,225)
rgb(105,120,240)
rgb(105,120,255)
rgb(105,135,0)
rgb(105,135,15)
rgb(105,135,30)
rgb(105,135,45)
rgb(105,135,60)
rgb(105,135,75)
rgb(105,135,90)
rgb(105,135,105)
rgb(105,135,120)
rgb(105,135,135)
rgb(105,135,150)
rgb(105,135,165)
rgb(105,135,180)
rgb(105,135,195)
rgb(105,135,210)
rgb(105,135,225)
rgb(105,135,240)
rgb(105,135,255)
rgb(105,150,0)
rgb(105,150,15)
rgb(105,150,30)
rgb(105,150,45)
rgb(105,150,60)
rgb(105,150,75)
rgb(105,150,90)
rgb(105,150,105)
rgb(105,150,120)
rgb(105,150,135)
rgb(105,150,150)
rgb(105,150,165)
rgb(105,150,180)
rgb(105,150,195)
rgb(105,150,210)
rgb(105,150,225)
rgb(105,150,240)
rgb(105,150,255)
rgb(105,165,0)
rgb(105,165,15)
rgb(105,165,30)
rgb(105,165,45)
rgb(105,165,60)
rgb(105,165,75)
rgb(105,165,90)
rgb(105,165,105)
rgb(105,165,120)
rgb(105,165,135)
rgb(105,165,150)
rgb(105,165,165)
rgb(105,165,180)
rgb(105,165,195)
rgb(105,165,210)
rgb(105,165,225)
rgb(105,165,240)
rgb(105,165,255)
rgb(105,180,0)
rgb(105,180,15)
rgb(105,180,30)
rgb(105,180,45)
rgb(105,180,60)
rgb(105,180,75)
rgb(105,180,90)
rgb(105,180,105)
rgb(105,180,120)
rgb(105,180,135)
rgb(105,180,150)
rgb(105,180,165)
rgb(105,180,180)
rgb(105,180,195)
rgb(105,180,210)
rgb(105,180,225)
rgb(105,180,240)
rgb(105,180,255)
rgb(105,195,0)
rgb(105,195,15)
rgb(105,195,30)
rgb(105,195,45)
rgb(105,195,60)
rgb(105,195,75)
rgb(105,195,90)
rgb(105,195,105)
rgb(105,195,120)
rgb(105,195,135)
rgb(105,195,150)
rgb(105,195,165)
rgb(105,195,180)
rgb(105,195,195)
rgb(105,195,210)
rgb(105,195,225)
rgb(105,195,240)
rgb(105,195,255)
rgb(105,210,0)
rgb(105,210,15)
rgb(105,210,30)
rgb(105,210,45)
rgb(105,210,60)
rgb(105,210,75)
rgb(105,210,90)
rgb(105,210,105)
rgb(105,210,120)
rgb(105,210,135)
rgb(105,210,150)
rgb(105,210,165)
rgb(105,210,180)
rgb(105,210,195)
rgb(105,210,210)
rgb(105,210,225)
rgb(105,210,240)
rgb(105,210,255)
rgb(105,225,0)
rgb(105,225,15)
rgb(105,225,30)
rgb(105,225,45)
rgb(105,225,60)
rgb(105,225,75)
rgb(105,225,90)
rgb(105,225,105)
rgb(105,225,120)
rgb(105,225,135)
rgb(105,225,150)
rgb(105,225,165)
rgb(105,225,180)
rgb(105,225,195)
rgb(105,225,210)
rgb(105,225,225)
rgb(105,225,240)
rgb(105,225,255)
rgb(105,240,0)
rgb(105,240,15)
rgb(105,240,30)
rgb(105,240,45)
rgb(105,240,60)
rgb(105,240,75)
rgb(105,240,90)
rgb(105,240,105)
rgb(105,240,120)
rgb(105,240,135)
rgb(105,240,150)
rgb(105,240,165)
rgb(105,240,180)
rgb(105,240,195)
rgb(105,240,210)
rgb(105,240,225)
rgb(105,240,240)
rgb(105,240,255)
rgb(105,255,0)
rgb(105,255,15)
rgb(105,255,30)
rgb(105,255,45)
rgb(105,255,60)
rgb(105,255,75)
rgb(105,255,90)
rgb(105,255,105)
rgb(105,255,120)
rgb(105,255,135)
rgb(105,255,150)
rgb(105,255,165)
rgb(105,255,180)
rgb(105,255,195)
rgb(105,255,210)
rgb(105,255,225)
rgb(105,255,240)
rgb(105,255,255)
rgb(120,0,0)
rgb(120,0,15)
rgb(120,0,30)
rgb(120,0,45)
rgb(120,0,60)
rgb(120,0,75)
rgb(120,0,90)
rgb(120,0,105)
rgb(120,0,120)
rgb(120,0,135)
rgb(120,0,150)
rgb(120,0,165)
rgb(120,0,180)
rgb(120,0,195)
rgb(120,0,210)
rgb(120,0,225)
rgb(120,0,240)
rgb(120,0,255)
rgb(120,15,0)
rgb(120,15,15)
rgb(120,15,30)
rgb(120,15,45)
rgb(120,15,60)
rgb(120,15,75)
rgb(120,15,90)
rgb(120,15,105)
rgb(120,15,120)
rgb(120,15,135)
rgb(120,15,150)
rgb(120,15,165)
rgb(120,15,180)
rgb(120,15,195)
rgb(120,15,210)
rgb(120,15,225)
rgb(120,15,240)
rgb(120,15,255)
rgb(120,30,0)
rgb(120,30,15)
rgb(120,30,30)
rgb(120,30,45)
rgb(120,30,60)
rgb(120,30,75)
rgb(120,30,90)
rgb(120,30,105)
rgb(120,30,120)
rgb(120,30,135)
rgb(120,30,150)
rgb(120,30,165)
rgb(120,30,180)
rgb(120,30,195)
rgb(120,30,210)
rgb(120,30,225)
rgb(120,30,240)
rgb(120,30,255)
rgb(120,45,0)
rgb(120,45,15)
rgb(120,45,30)
rgb(120,45,45)
rgb(120,45,60)
rgb(120,45,75)
rgb(120,45,90)
rgb(120,45,105)
rgb(120,45,120)
rgb(120,45,135)
rgb(120,45,150)
rgb(120,45,165)
rgb(120,45,180)
rgb(120,45,195)
rgb(120,45,210)
rgb(120,45,225)
rgb(120,45,240)
rgb(120,45,255)
rgb(120,60,0)
rgb(120,60,15)
rgb(120,60,30)
rgb(120,60,45)
rgb(120,60,60)
rgb(120,60,75)
rgb(120,60,90)
rgb(120,60,105)
rgb(120,60,120)
rgb(120,60,135)
rgb(120,60,150)
rgb(120,60,165)
rgb(120,60,180)
rgb(120,60,195)
rgb(120,60,210)
rgb(120,60,225)
rgb(120,60,240)
rgb(120,60,255)
rgb(120,75,0)
rgb(120,75,15)
rgb(120,75,30)
rgb(120,75,45)
rgb(120,75,60)
rgb(120,75,75)
rgb(120,75,90)
rgb(120,75,105)
rgb(120,75,120)
rgb(120,75,135)
rgb(120,75,150)
rgb(120,75,165)
rgb(120,75,180)
rgb(120,75,195)
rgb(120,75,210)
rgb(120,75,225)
rgb(120,75,240)
rgb(120,75,255)
rgb(120,90,0)
rgb(120,90,15)
rgb(120,90,30)
rgb(120,90,45)
rgb(120,90,60)
rgb(120,90,75)
rgb(120,90,90)
rgb(120,90,105)
rgb(120,90,120)
rgb(120,90,135)
rgb(120,90,150)
rgb(120,90,165)
rgb(120,90,180)
rgb(120,90,195)
rgb(120,90,210)
rgb(120,90,225)
rgb(120,90,240)
rgb(120,90,255)
rgb(120,105,0)
rgb(120,105,15)
rgb(120,105,30)
rgb(120,105,45)
rgb(120,105,60)
rgb(120,105,75)
rgb(120,105,90)
rgb(120,105,105)
rgb(120,105,120)
rgb(120,105,135)
rgb(120,105,150)
rgb(120,105,165)
rgb(120,105,180)
rgb(120,105,195)
rgb(120,105,210)
rgb(120,105,225)
rgb(120,105,240)
rgb(120,105,255)
rgb(120,120,0)
rgb(120,120,15)
rgb(120,120,30)
rgb(120,120,45)
rgb(120,120,60)
rgb(120,120,75)
rgb(120,120,90)
rgb(120,120,105)
rgb(120,120,120)
rgb(120,120,135)
rgb(120,120,150)
rgb(120,120,165)
rgb(120,120,180)
rgb(120,120,195)
rgb(120,120,210)
rgb(120,120,225)
rgb(120,120,240)
rgb(120,120,255)
rgb(120,135,0)
rgb(120,135,15)
rgb(120,135,30)
rgb(120,135,45)
rgb(120,135,60)
rgb(120,135,75)
rgb(120,135,90)
rgb(120,135,105)
rgb(120,135,120)
rgb(120,135,135)
rgb(120,135,150)
rgb(120,135,165)
rgb(120,135,180)
rgb(120,135,195)
rgb(120,135,210)
rgb(120,135,225)
rgb(120,135,240)
rgb(120,135,255)
rgb(120,150,0)
rgb(120,150,15)
rgb(120,150,30)
rgb(120,150,45)
rgb(120,150,60)
rgb(120,150,75)
rgb(120,150,90)
rgb(120,150,105)
rgb(120,150,120)
rgb(120,150,135)
rgb(120,150,150)
rgb(120,150,165)
rgb(120,150,180)
rgb(120,150,195)
rgb(120,150,210)
rgb(120,150,225)
rgb(120,150,240)
rgb(120,150,255)
rgb(120,165,0)
rgb(120,165,15)
rgb(120,165,30)
rgb(120,165,45)
rgb(120,165,60)
rgb(120,165,75)
rgb(120,165,90)
rgb(120,165,105)
rgb(120,165,120)
rgb(120,165,135)
rgb(120,165,150)
rgb(120,165,165)
rgb(120,165,180)
rgb(120,165,195)
rgb(120,165,210)
rgb(120,165,225)
rgb(120,165,240)
rgb(120,165,255)
rgb(120,180,0)
rgb(120,180,15)
rgb(120,180,30)
rgb(120,180,45)
rgb(120,180,60)
rgb(120,180,75)
rgb(120,180,90)
rgb(120,180,105)
rgb(120,180,120)
rgb(120,180,135)
rgb(120,180,150)
rgb(120,180,165)
rgb(120,180,180)
rgb(120,180,195)
rgb(120,180,210)
rgb(120,180,225)
rgb(120,180,240)
rgb(120,180,255)
rgb(120,195,0)
rgb(120,195,15)
rgb(120,195,30)
rgb(120,195,45)
rgb(120,195,60)
rgb(120,195,75)
rgb(120,195,90)
rgb(120,195,105)
rgb(120,195,120)
rgb(120,195,135)
rgb(120,195,150)
rgb(120,195,165)
rgb(120,195,180)
rgb(120,195,195)
rgb(120,195,210)
rgb(120,195,225)
rgb(120,195,240)
rgb(120,195,255)
rgb(120,210,0)
rgb(120,210,15)
rgb(120,210,30)
rgb(120,210,45)
rgb(120,210,60)
rgb(120,210,75)
rgb(120,210,90)
rgb(120,210,105)
rgb(120,210,120)
rgb(120,210,135)
rgb(120,210,150)
rgb(120,210,165)
rgb(120,210,180)
rgb(120,210,195)
rgb(120,210,210)
rgb(120,210,225)
rgb(120,210,240)
rgb(120,210,255)
rgb(120,225,0)
rgb(120,225,15)
rgb(120,225,30)
rgb(120,225,45)
rgb(120,225,60)
rgb(120,225,75)
rgb(120,225,90)
rgb(120,225,105)
rgb(120,225,120)
rgb(120,225,135)
rgb(120,225,150)
rgb(120,225,165)
rgb(120,225,180)
rgb(120,225,195)
rgb(120,225,210)
rgb(120,225,225)
rgb(120,225,240)
rgb(120,225,255)
rgb(120,240,0)
rgb(120,240,15)
rgb(120,240,30)
rgb(120,240,45)
rgb(120,240,60)
rgb(120,240,75)
rgb(120,240,90)
rgb(120,240,105)
rgb(120,240,120)
rgb(120,240,135)
rgb(120,240,150)
rgb(120,240,165)
rgb(120,240,180)
rgb(120,240,195)
rgb(120,240,210)
rgb(120,240,225)
rgb(120,240,240)
rgb(120,240,255)
rgb(120,255,0)
rgb(120,255,15)
rgb(120,255,30)
rgb(120,255,45)
rgb(120,255,60)
rgb(120,255,75)
rgb(120,255,90)
rgb(120,255,105)
rgb(120,255,120)
rgb(120,255,135)
rgb(120,255,150)
rgb(120,255,165)
rgb(120,255,180)
rgb(120,255,195)
rgb(120,255,210)
rgb(120,255,225)
rgb(120,255,240)
rgb(120,255,255)
rgb(135,0,0)
rgb(135,0,15)
rgb(135,0,30)
rgb(135,0,45)
rgb(135,0,60)
rgb(135,0,75)
rgb(135,0,90)
rgb(135,0,105)
rgb(135,0,120)
rgb(135,0,135)
rgb(135,0,150)
rgb(135,0,165)
rgb(135,0,180)
rgb(135,0,195)
rgb(135,0,210)
rgb(135,0,225)
rgb(135,0,240)
rgb(135,0,255)
rgb(135,15,0)
rgb(135,15,15)
rgb(135,15,30)
rgb(135,15,45)
rgb(135,15,60)
rgb(135,15,75)
rgb(135,15,90)
rgb(135,15,105)
rgb(135,15,120)
rgb(135,15,135)
rgb(135,15,150)
rgb(135,15,165)
rgb(135,15,180)
rgb(135,15,195)
rgb(135,15,210)
rgb(135,15,225)
rgb(135,15,240)
rgb(135,15,255)
rgb(135,30,0)
rgb(135,30,15)
rgb(135,30,30)
rgb(135,30,45)
rgb(135,30,60)
rgb(135,30,75)
rgb(135,30,90)
rgb(135,30,105)
rgb(135,30,120)
rgb(135,30,135)
rgb(135,30,150)
rgb(135,30,165)
rgb(135,30,180)
rgb(135,30,195)
rgb(135,30,210)
rgb(135,30,225)
rgb(135,30,240)
rgb(135,30,255)
rgb(135,45,0)
rgb(135,45,15)
rgb(135,45,30)
rgb(135,45,45)
rgb(135,45,60)
rgb(135,45,75)
rgb(135,45,90)
rgb(135,45,105)
rgb(135,45,120)
rgb(135,45,135)
rgb(135,45,150)
rgb(135,45,165)
rgb(135,45,180)
rgb(135,45,195)
rgb(135,45,210)
rgb(135,45,225)
rgb(135,45,240)
rgb(135,45,255)
rgb(135,60,0)
rgb(135,60,15)
rgb(135,60,30)
rgb(135,60,45)
rgb(135,60,60)
rgb(135,60,75)
rgb(135,60,90)
rgb(135,60,105)
rgb(135,60,120)
rgb(135,60,135)
rgb(135,60,150)
rgb(135,60,165)
rgb(135,60,180)
rgb(135,60,195)
rgb(135,60,210)
rgb(135,60,225)
rgb(135,60,240)
rgb(135,60,255)
rgb(135,75,0)
rgb(135,75,15)
rgb(135,75,30)
rgb(135,75,45)
rgb(135,75,60)
rgb(135,75,75)
rgb(135,75,90)
rgb(135,75,105)
rgb(135,75,120)
rgb(135,75,135)
rgb(135,75,150)
rgb(135,75,165)
rgb(135,75,180)
rgb(135,75,195)
rgb(135,75,210)
rgb(135,75,225)
rgb(135,75,240)
rgb(135,75,255)
rgb(135,90,0)
rgb(135,90,15)
rgb(135,90,30)
rgb(135,90,45)
rgb(135,90,60)
rgb(135,90,75)
rgb(135,90,90)
rgb(135,90,105)
rgb(135,90,120)
rgb(135,90,135)
rgb(135,90,150)
rgb(135,90,165)
rgb(135,90,180)
rgb(135,90,195)
rgb(135,90,210)
rgb(135,90,225)
rgb(135,90,240)
rgb(135,90,255)
rgb(135,105,0)
rgb(135,105,15)
rgb(135,105,30)
rgb(135,105,45)
rgb(135,105,60)
rgb(135,105,75)
rgb(135,105,90)
rgb(135,105,105)
rgb(135,105,120)
rgb(135,105,135)
rgb(135,105,150)
rgb(135,105,165)
rgb(135,105,180)
rgb(135,105,195)
rgb(135,105,210)
rgb(135,105,225)
rgb(135,105,240)
rgb(135,105,255)
rgb(135,120,0)
rgb(135,120,15)
rgb(135,120,30)
rgb(135,120,45)
rgb(135,120,60)
rgb(135,120,75)
rgb(135,120,90)
rgb(135,120,105)
rgb(135,120,120)
rgb(135,120,135)
rgb(135,120,150)
rgb(135,120,165)
rgb(135,120,180)
rgb(135,120,195)
rgb(135,120,210)
rgb(135,120,225)
rgb(135,120,240)
rgb(135,120,255)
rgb(135,135,0)
rgb(135,135,15)
rgb(135,135,30)
rgb(135,135,45)
rgb(135,135,60)
rgb(135,135,75)
rgb(135,135,90)
rgb(135,135,105)
rgb(135,135,120)
rgb(135,135,135)
rgb(135,135,150)
rgb(135,135,165)
rgb(135,135,180)
rgb(135,135,195)
rgb(135,135,210)
rgb(135,135,225)
rgb(135,135,240)
rgb(135,135,255)
rgb(135,150,0)
rgb(135,150,15)
rgb(135,150,30)
rgb(135,150,45)
rgb(135,150,60)
rgb(135,150,75)
rgb(135,150,90)
rgb(135,150,105)
rgb(135,150,120)
rgb(135,150,135)
rgb(135,150,150)
rgb(135,150,165)
rgb(135,150,180)
rgb(135,150,195)
rgb(135,150,210)
rgb(135,150,225)
rgb(135,150,240)
rgb(135,150,255)
rgb(135,165,0)
rgb(135,165,15)
rgb(135,165,30)
rgb(135,165,45)
rgb(135,165,60)
rgb(135,165,75)
rgb(135,165,90)
rgb(135,165,105)
rgb(135,165,120)
rgb(135,165,135)
rgb(135,165,150)
rgb(135,165,165)
rgb(135,165,180)
rgb(135,165,195)
rgb(135,165,210)
rgb(135,165,225)
rgb(135,165,240)
rgb(135,165,255)
rgb(135,180,0)
rgb(135,180,15)
rgb(135,180,30)
rgb(135,180,45)
rgb(135,180,60)
rgb(135,180,75)
rgb(135,180,90)
rgb(135,180,105)
rgb(135,180,120)
rgb(135,180,135)
rgb(135,180,150)
rgb(135,180,165)
rgb(135,180,180)
rgb(135,180,195)
rgb(135,180,210)
rgb(135,180,225)
rgb(135,180,240)
rgb(135,180,255)
rgb(135,195,0)
rgb(135,195,15)
rgb(135,195,30)
rgb(135,195,45)
rgb(135,195,60)
rgb(135,195,75)
rgb(135,195,90)
rgb(135,195,105)
rgb(135,195,120)
rgb(135,195,135)
rgb(135,195,150)
rgb(135,195,165)
rgb(135,195,180)
rgb(135,195,195)
rgb(135,195,210)
rgb(135,195,225)
rgb(135,195,240)
rgb(135,195,255)
rgb(135,210,0)
rgb(135,210,15)
rgb(135,210,30)
rgb(135,210,45)
rgb(135,210,60)
rgb(135,210,75)
rgb(135,210,90)
rgb(135,210,105)
rgb(135,210,120)
rgb(135,210,135)
rgb(135,210,150)
rgb(135,210,165)
rgb(135,210,180)
rgb(135,210,195)
rgb(135,210,210)
rgb(135,210,225)
rgb(135,210,240)
rgb(135,210,255)
rgb(135,225,0)
rgb(135,225,15)
rgb(135,225,30)
rgb(135,225,45)
rgb(135,225,60)
rgb(135,225,75)
rgb(135,225,90)
rgb(135,225,105)
rgb(135,225,120)
rgb(135,225,135)
rgb(135,225,150)
rgb(135,225,165)
rgb(135,225,180)
rgb(135,225,195)
rgb(135,225,210)
rgb(135,225,225)
rgb(135,225,240)
rgb(135,225,255)
rgb(135,240,0)
rgb(135,240,15)
rgb(135,240,30)
rgb(135,240,45)
rgb(135,240,60)
rgb(135,240,75)
rgb(135,240,90)
rgb(135,240,105)
rgb(135,240,120)
rgb(135,240,135)
rgb(135,240,150)
rgb(135,240,165)
rgb(135,240,180)
rgb(135,240,195)
rgb(135,240,210)
rgb(135,240,225)
rgb(135,240,240)
rgb(135,240,255)
rgb(135,255,0)
rgb(135,255,15)
rgb(135,255,30)
rgb(135,255,45)
rgb(135,255,60)
rgb(135,255,75)
rgb(135,255,90)
rgb(135,255,105)
rgb(135,255,120)
rgb(135,255,135)
rgb(135,255,150)
rgb(135,255,165)
rgb(135,255,180)
rgb(135,255,195)
rgb(135,255,210)
rgb(135,255,225)
rgb(135,255,240)
rgb(135,255,255)
rgb(150,0,0)
rgb(150,0,15)
rgb(150,0,30)
rgb(150,0,45)
rgb(150,0,60)
rgb(150,0,75)
rgb(150,0,90)
rgb(150,0,105)
rgb(150,0,120)
rgb(150,0,135)
rgb(150,0,150)
rgb(150,0,165)
rgb(150,0,180)
rgb(150,0,195)
rgb(150,0,210)
rgb(150,0,225)
rgb(150,0,240)
rgb(150,0,255)
rgb(150,15,0)
rgb(150,15,15)
rgb(150,15,30)
rgb(150,15,45)
rgb(150,15,60)
rgb(150,15,75)
rgb(150,15,90)
rgb(150,15,105)
rgb(150,15,120)
rgb(150,15,135)
rgb(150,15,150)
rgb(150,15,165)
rgb(150,15,180)
rgb(150,15,195)
rgb(150,15,210)
rgb(150,15,225)
rgb(150,15,240)
rgb(150,15,255)
rgb(150,30,0)
rgb(150,30,15)
rgb(150,30,30)
rgb(150,30,45)
rgb(150,30,60)
rgb(150,30,75)
rgb(150,30,90)
rgb(150,30,105)
rgb(150,30,120)
rgb(150,30,135)
rgb(150,30,150)
rgb(150,30,165)
rgb(150,30,180)
rgb(150,30,195)
rgb(150,30,210)
rgb(150,30,225)
rgb(150,30,240)
rgb(150,30,255)
rgb(150,45,0)
rgb(150,45,15)
rgb(150,45,30)
rgb(150,45,45)
rgb(150,45,60)
rgb(150,45,75)
rgb(150,45,90)
rgb(150,45,105)
rgb(150,45,120)
rgb(150,45,135)
rgb(150,45,150)
rgb(150,45,165)
rgb(150,45,180)
rgb(150,45,195)
rgb(150,45,210)
rgb(150,45,225)
rgb(150,45,240)
rgb(150,45,255)
rgb(150,60,0)
rgb(150,60,15)
rgb(150,60,30)
rgb(150,60,45)
rgb(150,60,60)
rgb(150,60,75)
rgb(150,60,90)
rgb(150,60,105)
rgb(150,60,120)
rgb(150,60,135)
rgb(150,60,150)
rgb(150,60,165)
rgb(150,60,180)
rgb(150,60,195)
rgb(150,60,210)
rgb(150,60,225)
rgb(150,60,240)
rgb(150,60,255)
rgb(150,75,0)
rgb(150,75,15)
rgb(150,75,30)
rgb(150,75,45)
rgb(150,75,60)
rgb(150,75,75)
rgb(150,75,90)
rgb(150,75,105)
rgb(150,75,120)
rgb(150,75,135)
rgb(150,75,150)
rgb(150,75,165)
rgb(150,75,180)
rgb(150,75,195)
rgb(150,75,210)
rgb(150,75,225)
rgb(150,75,240)
rgb(150,75,255)
rgb(150,90,0)
rgb(150,90,15)
rgb(150,90,30)
rgb(150,90,45)
rgb(150,90,60)
rgb(150,90,75)
rgb(150,90,90)
rgb(150,90,105)
rgb(150,90,120)
rgb(150,90,135)
rgb(150,90,150)
rgb(150,90,165)
rgb(150,90,180)
rgb(150,90,195)
rgb(150,90,210)
rgb(150,90,225)
rgb(150,90,240)
rgb(150,90,255)
rgb(150,105,0)
rgb(150,105,15)
rgb(150,105,30)
rgb(150,105,45)
rgb(150,105,60)
rgb(150,105,75)
rgb(150,105,90)
rgb(150,105,105)
rgb(150,105,120)
rgb(150,105,135)
rgb(150,105,150)
rgb(150,105,165)
rgb(150,105,180)
rgb(150,105,195)
rgb(150,105,210)
rgb(150,105,225)
rgb(150,105,240)
rgb(150,105,255)
rgb(150,120,0)
rgb(150,120,15)
rgb(150,120,30)
rgb(150,120,45)
rgb(150,120,60)
rgb(150,120,75)
rgb(150,120,90)
rgb(150,120,105)
rgb(150,120,120)
rgb(150,120,135)
rgb(150,120,150)
rgb(150,120,165)
rgb(150,120,180)
rgb(150,120,195)
rgb(150,120,210)
rgb(150,120,225)
rgb(150,120,240)
rgb(150,120,255)
rgb(150,135,0)
rgb(150,135,15)
rgb(150,135,30)
rgb(150,135,45)
rgb(150,135,60)
rgb(150,135,75)
rgb(150,135,90)
rgb(150,135,105)
rgb(150,135,120)
rgb(150,135,135)
rgb(150,135,150)
rgb(150,135,165)
rgb(150,135,180)
rgb(150,135,195)
rgb(150,135,210)
rgb(150,135,225)
rgb(150,135,240)
rgb(150,135,255)
rgb(150,150,0)
rgb(150,150,15)
rgb(150,150,30)
rgb(150,150,45)
rgb(150,150,60)
rgb(150,150,75)
rgb(150,150,90)
rgb(150,150,105)
rgb(150,150,120)
rgb(150,150,135)
rgb(150,150,150)
rgb(150,150,165)
rgb(150,150,180)
rgb(150,150,195)
rgb(150,150,210)
rgb(150,150,225)
rgb(150,150,240)
rgb(150,150,255)
rgb(150,165,0)
rgb(150,165,15)
rgb(150,165,30)
rgb(150,165,45)
rgb(150,165,60)
rgb(150,165,75)
rgb(150,165,90)
rgb(150,165,105)
rgb(150,165,120)
rgb(150,165,135)
rgb(150,165,150)
rgb(150,165,165)
rgb(150,165,180)
rgb(150,165,195)
rgb(150,165,210)
rgb(150,165,225)
rgb(150,165,240)
rgb(150,165,255)
rgb(150,180,0)
rgb(150,180,15)
rgb(150,180,30)
rgb(150,180,45)
rgb(150,180,60)
rgb(150,180,75)
rgb(150,180,90)
rgb(150,180,105)
rgb(150,180,120)
rgb(150,180,135)
rgb(150,180,150)
rgb(150,180,165)
rgb(150,180,180)
rgb(150,180,195)
rgb(150,180,210)
rgb(150,180,225)
rgb(150,180,240)
rgb(150,180,255)
rgb(150,195,0)
rgb(150,195,15)
rgb(150,195,30)
rgb(150,195,45)
rgb(150,195,60)
rgb(150,195,75)
rgb(150,195,90)
rgb(150,195,105)
rgb(150,195,120)
rgb(150,195,135)
rgb(150,195,150)
rgb(150,195,165)
rgb(150,195,180)
rgb(150,195,195)
rgb(150,195,210)
rgb(150,195,225)
rgb(150,195,240)
rgb(150,195,255)
rgb(150,210,0)
rgb(150,210,15)
rgb(150,210,30)
rgb(150,210,45)
rgb(150,210,60)
rgb(150,210,75)
rgb(150,210,90)
rgb(150,210,105)
rgb(150,210,120)
rgb(150,210,135)
rgb(150,210,150)
rgb(150,210,165)
rgb(150,210,180)
rgb(150,210,195)
rgb(150,210,210)
rgb(150,210,225)
rgb(150,210,240)
rgb(150,210,255)
rgb(150,225,0)
rgb(150,225,15)
rgb(150,225,30)
rgb(150,225,45)
rgb(150,225,60)
rgb(150,225,75)
rgb(150,225,90)
rgb(150,225,105)
rgb(150,225,120)
rgb(150,225,135)
rgb(150,225,150)
rgb(150,225,165)
rgb(150,225,180)
rgb(150,225,195)
rgb(150,225,210)
rgb(150,225,225)
rgb(150,225,240)
rgb(150,225,255)
rgb(150,240,0)
rgb(150,240,15)
rgb(150,240,30)
rgb(150,240,45)
rgb(150,240,60)
rgb(150,240,75)
rgb(150,240,90)
rgb(150,240,105)
rgb(150,240,120)
rgb(150,240,135)
rgb(150,240,150)
rgb(150,240,165)
rgb(150,240,180)
rgb(150,240,195)
rgb(150,240,210)
rgb(150,240,225)
rgb(150,240,240)
rgb(150,240,255)
rgb(150,255,0)
rgb(150,255,15)
rgb(150,255,30)
rgb(150,255,45)
rgb(150,255,60)
rgb(150,255,75)
rgb(150,255,90)
rgb(150,255,105)
rgb(150,255,120)
rgb(150,255,135)
rgb(150,255,150)
rgb(150,255,165)
rgb(150,255,180)
rgb(150,255,195)
rgb(150,255,210)
rgb(150,255,225)
rgb(150,255,240)
rgb(150,255,255)
rgb(165,0,0)
rgb(165,0,15)
rgb(165,0,30)
rgb(165,0,45)
rgb(165,0,60)
rgb(165,0,75)
rgb(165,0,90)
rgb(165,0,105)
rgb(165,0,120)
rgb(165,0,135)
rgb(165,0,150)
rgb(165,0,165)
rgb(165,0,180)
rgb(165,0,195)
rgb(165,0,210)
rgb(165,0,225)
rgb(165,0,240)
rgb(165,0,255)
rgb(165,15,0)
rgb(165,15,15)
rgb(165,15,30)
rgb(165,15,45)
rgb(165,15,60)
rgb(165,15,75)
rgb(165,15,90)
rgb(165,15,105)
rgb(165,15,120)
rgb(165,15,135)
rgb(165,15,150)
rgb(165,15,165)
rgb(165,15,180)
rgb(165,15,195)
rgb(165,15,210)
rgb(165,15,225)
rgb(165,15,240)
rgb(165,15,255)
rgb(165,30,0)
rgb(165,30,15)
rgb(165,30,30)
rgb(165,30,45)
rgb(165,30,60)
rgb(165,30,75)
rgb(165,30,90)
rgb(165,30,105)
rgb(165,30,120)
rgb(165,30,135)
rgb(165,30,150)
rgb(165,30,165)
rgb(165,30,180)
rgb(165,30,195)
rgb(165,30,210)
rgb(165,30,225)
rgb(165,30,240)
rgb(165,30,255)
rgb(165,45,0)
rgb(165,45,15)
rgb(165,45,30)
rgb(165,45,45)
rgb(165,45,60)
rgb(165,45,75)
rgb(165,45,90)
rgb(165,45,105)
rgb(165,45,120)
rgb(165,45,135)
rgb(165,45,150)
rgb(165,45,165)
rgb(165,45,180)
rgb(165,45,195)
rgb(165,45,210)
rgb(165,45,225)
rgb(165,45,240)
rgb(165,45,255)
rgb(165,60,0)
rgb(165,60,15)
rgb(165,60,30)
rgb(165,60,45)
rgb(165,60,60)
rgb(165,60,75)
rgb(165,60,90)
rgb(165,60,105)
rgb(165,60,120)
rgb(165,60,135)
rgb(165,60,150)
rgb(165,60,165)
rgb(165,60,180)
rgb(165,60,195)
rgb(165,60,210)
rgb(165,60,225)
rgb(165,60,240)
rgb(165,60,255)
rgb(165,75,0)
rgb(165,75,15)
rgb(165,75,30)
rgb(165,75,45)
rgb(165,75,60)
rgb(165,75,75)
rgb(165,75,90)
rgb(165,75,105)
rgb(165,75,120)
rgb(165,75,135)
rgb(165,75,150)
rgb(165,75,165)
rgb(165,75,180)
rgb(165,75,195)
rgb(165,75,210)
rgb(165,75,225)
rgb(165,75,240)
rgb(165,75,255)
rgb(165,90,0)
rgb(165,90,15)
rgb(165,90,30)
rgb(165,90,45)
rgb(165,90,60)
rgb(165,90,75)
rgb(165,90,90)
rgb(165,90,105)
rgb(165,90,120)
rgb(165,90,135)
rgb(165,90,150)
rgb(165,90,165)
rgb(165,90,180)
rgb(165,90,195)
rgb(165,90,210)
rgb(165,90,225)
rgb(165,90,240)
rgb(165,90,255)
rgb(165,105,0)
rgb(165,105,15)
rgb(165,105,30)
rgb(165,105,45)
rgb(165,105,60)
rgb(165,105,75)
rgb(165,105,90)
rgb(165,105,105)
rgb(165,105,120)
rgb(165,105,135)
rgb(165,105,150)
rgb(165,105,165)
rgb(165,105,180)
rgb(165,105,195)
rgb(165,105,210)
rgb(165,105,225)
rgb(165,105,240)
rgb(165,105,255)
rgb(165,120,0)
rgb(165,120,15)
rgb(165,120,30)
rgb(165,120,45)
rgb(165,120,60)
rgb(165,120,75)
rgb(165,120,90)
rgb(165,120,105)
rgb(165,120,120)
rgb(165,120,135)
rgb(165,120,150)
rgb(165,120,165)
rgb(165,120,180)
rgb(165,120,195)
rgb(165,120,210)
rgb(165,120,225)
rgb(165,120,240)
rgb(165,120,255)
rgb(165,135,0)
rgb(165,135,15)
rgb(165,135,30)
rgb(165,135,45)
rgb(165,135,60)
rgb(165,135,75)
rgb(165,135,90)
rgb(165,135,105)
rgb(165,135,120)
rgb(165,135,135)
rgb(165,135,150)
rgb(165,135,165)
rgb(165,135,180)
rgb(165,135,195)
rgb(165,135,210)
rgb(165,135,225)
rgb(165,135,240)
rgb(165,135,255)
rgb(165,150,0)
rgb(165,150,15)
rgb(165,150,30)
rgb(165,150,45)
rgb(165,150,60)
rgb(165,150,75)
rgb(165,150,90)
rgb(165,150,105)
rgb(165,150,120)
rgb(165,150,135)
rgb(165,150,150)
rgb(165,150,165)
rgb(165,150,180)
rgb(165,150,195)
rgb(165,150,210)
rgb(165,150,225)
rgb(165,150,240)
rgb(165,150,255)
rgb(165,165,0)
rgb(165,165,15)
rgb(165,165,30)
rgb(165,165,45)
rgb(165,165,60)
rgb(165,165,75)
rgb(165,165,90)
rgb(165,165,105)
rgb(165,165,120)
rgb(165,165,135)
rgb(165,165,150)
rgb(165,165,165)
rgb(165,165,180)
rgb(165,165,195)
rgb(165,165,210)
rgb(165,165,225)
rgb(165,165,240)
rgb(165,165,255)
rgb(165,180,0)
rgb(165,180,15)
rgb(165,180,30)
rgb(165,180,45)
rgb(165,180,60)
rgb(165,180,75)
rgb(165,180,90)
rgb(165,180,105)
rgb(165,180,120)
rgb(165,180,135)
rgb(165,180,150)
rgb(165,180,165)
rgb(165,180,180)
rgb(165,180,195)
rgb(165,180,210)
rgb(165,180,225)
rgb(165,180,240)
rgb(165,180,255)
rgb(165,195,0)
rgb(165,195,15)
rgb(165,195,30)
rgb(165,195,45)
rgb(165,195,60)
rgb(165,195,75)
rgb(165,195,90)
rgb(165,195,105)
rgb(165,195,120)
rgb(165,195,135)
rgb(165,195,150)
rgb(165,195,165)
rgb(165,195,180)
rgb(165,195,195)
rgb(165,195,210)
rgb(165,195,225)
rgb(165,195,240)
rgb(165,195,255)
rgb(165,210,0)
rgb(165,210,15)
rgb(165,210,30)
rgb(165,210,45)
rgb(165,210,60)
rgb(165,210,75)
rgb(165,210,90)
rgb(165,210,105)
rgb(165,210,120)
rgb(165,210,135)
rgb(165,210,150)
rgb(165,210,165)
rgb(165,210,180)
rgb(165,210,195)
rgb(165,210,210)
rgb(165,210,225)
rgb(165,210,240)
rgb(165,210,255)
rgb(165,225,0)
rgb(165,225,15)
rgb(165,225,30)
rgb(165,225,45)
rgb(165,225,60)
rgb(165,225,75)
rgb(165,225,90)
rgb(165,225,105)
rgb(165,225,120)
rgb(165,225,135)
rgb(165,225,150)
rgb(165,225,165)
rgb(165,225,180)
rgb(165,225,195)
rgb(165,225,210)
rgb(165,225,225)
rgb(165,225,240)
rgb(165,225,255)
rgb(165,240,0)
rgb(165,240,15)
rgb(165,240,30)
rgb(165,240,45)
rgb(165,240,60)
rgb(165,240,75)
rgb(165,240,90)
rgb(165,240,105)
rgb(165,240,120)
rgb(165,240,135)
rgb(165,240,150)
rgb(165,240,165)
rgb(165,240,180)
rgb(165,240,195)
rgb(165,240,210)
rgb(165,240,225)
rgb(165,240,240)
rgb(165,240,255)
rgb(165,255,0)
rgb(165,255,15)
rgb(165,255,30)
rgb(165,255,45)
rgb(165,255,60)
rgb(165,255,75)
rgb(165,255,90)
rgb(165,255,105)
rgb(165,255,120)
rgb(165,255,135)
rgb(165,255,150)
rgb(165,255,165)
rgb(165,255,180)
rgb(165,255,195)
rgb(165,255,210)
rgb(165,255,225)
rgb(165,255,240)
rgb(165,255,255)
rgb(180,0,0)
rgb(180,0,15)
rgb(180,0,30)
rgb(180,0,45)
rgb(180,0,60)
rgb(180,0,75)
rgb(180,0,90)
rgb(180,0,105)
rgb(180,0,120)
rgb(180,0,135)
rgb(180,0,150)
rgb(180,0,165)
rgb(180,0,180)
rgb(180,0,195)
rgb(180,0,210)
rgb(180,0,225)
rgb(180,0,240)
rgb(180,0,255)
rgb(180,15,0)
rgb(180,15,15)
rgb(180,15,30)
rgb(180,15,45)
rgb(180,15,60)
rgb(180,15,75)
rgb(180,15,90)
rgb(180,15,105)
rgb(180,15,120)
rgb(180,15,135)
rgb(180,15,150)
rgb(180,15,165)
rgb(180,15,180)
rgb(180,15,195)
rgb(180,15,210)
rgb(180,15,225)
rgb(180,15,240)
rgb(180,15,255)
rgb(180,30,0)
rgb(180,30,15)
rgb(180,30,30)
rgb(180,30,45)
rgb(180,30,60)
rgb(180,30,75)
rgb(180,30,90)
rgb(180,30,105)
rgb(180,30,120)
rgb(180,30,135)
rgb(180,30,150)
rgb(180,30,165)
rgb(180,30,180)
rgb(180,30,195)
rgb(180,30,210)
rgb(180,30,225)
rgb(180,30,240)
rgb(180,30,255)
rgb(180,45,0)
rgb(180,45,15)
rgb(180,45,30)
rgb(180,45,45)
rgb(180,45,60)
rgb(180,45,75)
rgb(180,45,90)
rgb(180,45,105)
rgb(180,45,120)
rgb(180,45,135)
rgb(180,45,150)
rgb(180,45,165)
rgb(180,45,180)
rgb(180,45,195)
rgb(180,45,210)
rgb(180,45,225)
rgb(180,45,240)
rgb(180,45,255)
rgb(180,60,0)
rgb(180,60,15)
rgb(180,60,30)
rgb(180,60,45)
rgb(180,60,60)
rgb(180,60,75)
rgb(180,60,90)
rgb(180,60,105)
rgb(180,60,120)
rgb(180,60,135)
rgb(180,60,150)
rgb(180,60,165)
rgb(180,60,180)
rgb(180,60,195)
rgb(180,60,210)
rgb(180,60,225)
rgb(180,60,240)
rgb(180,60,255)
rgb(180,75,0)
rgb(180,75,15)
rgb(180,75,30)
rgb(180,75,45)
rgb(180,75,60)
rgb(180,75,75)
rgb(180,75,90)
rgb(180,75,105)
rgb(180,75,120)
rgb(180,75,135)
rgb(180,75,150)
rgb(180,75,165)
rgb(180,75,180)
rgb(180,75,195)
rgb(180,75,210)
rgb(180,75,225)
rgb(180,75,240)
rgb(180,75,255)
rgb(180,90,0)
rgb(180,90,15)
rgb(180,90,30)
rgb(180,90,45)
rgb(180,90,60)
rgb(180,90,75)
rgb(180,90,90)
rgb(180,90,105)
rgb(180,90,120)
rgb(180,90,135)
rgb(180,90,150)
rgb(180,90,165)
rgb(180,90,180)
rgb(180,90,195)
rgb(180,90,210)
rgb(180,90,225)
rgb(180,90,240)
rgb(180,90,255)
rgb(180,105,0)
rgb(180,105,15)
rgb(180,105,30)
rgb(180,105,45)
rgb(180,105,60)
rgb(180,105,75)
rgb(180,105,90)
rgb(180,105,105)
rgb(180,105,120)
rgb(180,105,135)
rgb(180,105,150)
rgb(180,105,165)
rgb(180,105,180)
rgb(180,105,195)
rgb(180,105,210)
rgb(180,105,225)
rgb(180,105,240)
rgb(180,105,255)
rgb(180,120,0)
rgb(180,120,15)
rgb(180,120,30)
rgb(180,120,45)
rgb(180,120,60)
rgb(180,120,75)
rgb(180,120,90)
rgb(180,120,105)
rgb(180,120,120)
rgb(180,120,135)
rgb(180,120,150)
rgb(180,120,165)
rgb(180,120,180)
rgb(180,120,195)
rgb(180,120,210)
rgb(180,120,225)
rgb(180,120,240)
rgb(180,120,255)
rgb(180,135,0)
rgb(180,135,15)
rgb(180,135,30)
rgb(180,135,45)
rgb(180,135,60)
rgb(180,135,75)
rgb(180,135,90)
rgb(180,135,105)
rgb(180,135,120)
rgb(180,135,135)
rgb(180,135,150)
rgb(180,135,165)
rgb(180,135,180)
rgb(180,135,195)
rgb(180,135,210)
rgb(180,135,225)
rgb(180,135,240)
rgb(180,135,255)
rgb(180,150,0)
rgb(180,150,15)
rgb(180,150,30)
rgb(180,150,45)
rgb(180,150,60)
rgb(180,150,75)
rgb(180,150,90)
rgb(180,150,105)
rgb(180,150,120)
rgb(180,150,135)
rgb(180,150,150)
rgb(180,150,165)
rgb(180,150,180)
rgb(180,150,195)
rgb(180,150,210)
rgb(180,150,225)
rgb(180,150,240)
rgb(180,150,255)
rgb(180,165,0)
rgb(180,165,15)
rgb(180,165,30)
rgb(180,165,45)
rgb(180,165,60)
rgb(180,165,75)
rgb(180,165,90)
rgb(180,165,105)
rgb(180,165,120)
rgb(180,165,135)
rgb(180,165,150)
rgb(180,165,165)
rgb(180,165,180)
rgb(180,165,195)
rgb(180,165,210)
rgb(180,165,225)
rgb(180,165,240)
rgb(180,165,255)
rgb(180,180,0)
rgb(180,180,15)
rgb(180,180,30)
rgb(180,180,45)
rgb(180,180,60)
rgb(180,180,75)
rgb(180,180,90)
rgb(180,180,105)
rgb(180,180,120)
rgb(180,180,135)
rgb(180,180,150)
rgb(180,180,165)
rgb(180,180,180)
rgb(180,180,195)
rgb(180,180,210)
rgb(180,180,225)
rgb(180,180,240)
rgb(180,180,255)
rgb(180,195,0)
rgb(180,195,15)
rgb(180,195,30)
rgb(180,195,45)
rgb(180,195,60)
rgb(180,195,75)
rgb(180,195,90)
rgb(180,195,105)
rgb(180,195,120)
rgb(180,195,135)
rgb(180,195,150)
rgb(180,195,165)
rgb(180,195,180)
rgb(180,195,195)
rgb(180,195,210)
rgb(180,195,225)
rgb(180,195,240)
rgb(180,195,255)
rgb(180,210,0)
rgb(180,210,15)
rgb(180,210,30)
rgb(180,210,45)
rgb(180,210,60)
rgb(180,210,75)
rgb(180,210,90)
rgb(180,210,105)
rgb(180,210,120)
rgb(180,210,135)
rgb(180,210,150)
rgb(180,210,165)
rgb(180,210,180)
rgb(180,210,195)
rgb(180,210,210)
rgb(180,210,225)
rgb(180,210,240)
rgb(180,210,255)
rgb(180,225,0)
rgb(180,225,15)
rgb(180,225,30)
rgb(180,225,45)
rgb(180,225,60)
rgb(180,225,75)
rgb(180,225,90)
rgb(180,225,105)
rgb(180,225,120)
rgb(180,225,135)
rgb(180,225,150)
rgb(180,225,165)
rgb(180,225,180)
rgb(180,225,195)
rgb(180,225,210)
rgb(180,225,225)
rgb(180,225,240)
rgb(180,225,255)
rgb(180,240,0)
rgb(180,240,15)
rgb(180,240,30)
rgb(180,240,45)
rgb(180,240,60)
rgb(180,240,75)
rgb(180,240,90)
rgb(180,240,105)
rgb(180,240,120)
rgb(180,240,135)
rgb(180,240,150)
rgb(180,240,165)
rgb(180,240,180)
rgb(180,240,195)
rgb(180,240,210)
rgb(180,240,225)
rgb(180,240,240)
rgb(180,240,255)
rgb(180,255,0)
rgb(180,255,15)
rgb(180,255,30)
rgb(180,255,45)
rgb(180,255,60)
rgb(180,255,75)
rgb(180,255,90)
rgb(180,255,105)
rgb(180,255,120)
rgb(180,255,135)
rgb(180,255,150)
rgb(180,255,165)
rgb(180,255,180)
rgb(180,255,195)
rgb(180,255,210)
rgb(180,255,225)
rgb(180,255,240)
rgb(180,255,255)
rgb(195,0,0)
rgb(195,0,15)
rgb(195,0,30)
rgb(195,0,45)
rgb(195,0,60)
rgb(195,0,75)
rgb(195,0,90)
rgb(195,0,105)
rgb(195,0,120)
rgb(195,0,135)
rgb(195,0,150)
rgb(195,0,165)
rgb(195,0,180)
rgb(195,0,195)
rgb(195,0,210)
rgb(195,0,225)
rgb(195,0,240)
rgb(195,0,255)
rgb(195,15,0)
rgb(195,15,15)
rgb(195,15,30)
rgb(195,15,45)
rgb(195,15,60)
rgb(195,15,75)
rgb(195,15,90)
rgb(195,15,105)
rgb(195,15,120)
rgb(195,15,135)
rgb(195,15,150)
rgb(195,15,165)
rgb(195,15,180)
rgb(195,15,195)
rgb(195,15,210)
rgb(195,15,225)
rgb(195,15,240)
rgb(195,15,255)
rgb(195,30,0)
rgb(195,30,15)
rgb(195,30,30)
rgb(195,30,45)
rgb(195,30,60)
rgb(195,30,75)
rgb(195,30,90)
rgb(195,30,105)
rgb(195,30,120)
rgb(195,30,135)
rgb(195,30,150)
rgb(195,30,165)
rgb(195,30,180)
rgb(195,30,195)
rgb(195,30,210)
rgb(195,30,225)
rgb(195,30,240)
rgb(195,30,255)
rgb(195,45,0)
rgb(195,45,15)
rgb(195,45,30)
rgb(195,45,45)
rgb(195,45,60)
rgb(195,45,75)
rgb(195,45,90)
rgb(195,45,105)
rgb(195,45,120)
rgb(195,45,135)
rgb(195,45,150)
rgb(195,45,165)
rgb(195,45,180)
rgb(195,45,195)
rgb(195,45,210)
rgb(195,45,225)
rgb(195,45,240)
rgb(195,45,255)
rgb(195,60,0)
rgb(195,60,15)
rgb(195,60,30)
rgb(195,60,45)
rgb(195,60,60)
rgb(195,60,75)
rgb(195,60,90)
rgb(195,60,105)
rgb(195,60,120)
rgb(195,60,135)
rgb(195,60,150)
rgb(195,60,165)
rgb(195,60,180)
rgb(195,60,195)
rgb(195,60,210)
rgb(195,60,225)
rgb(195,60,240)
rgb(195,60,255)
rgb(195,75,0)
rgb(195,75,15)
rgb(195,75,30)
rgb(195,75,45)
rgb(195,75,60)
rgb(195,75,75)
rgb(195,75,90)
rgb(195,75,105)
rgb(195,75,120)
rgb(195,75,135)
rgb(195,75,150)
rgb(195,75,165)
rgb(195,75,180)
rgb(195,75,195)
rgb(195,75,210)
rgb(195,75,225)
rgb(195,75,240)
rgb(195,75,255)
rgb(195,90,0)
rgb(195,90,15)
rgb(195,90,30)
rgb(195,90,45)
rgb(195,90,60)
rgb(195,90,75)
rgb(195,90,90)
rgb(195,90,105)
rgb(195,90,120)
rgb(195,90,135)
rgb(195,90,150)
rgb(195,90,165)
rgb(195,90,180)
rgb(195,90,195)
rgb(195,90,210)
rgb(195,90,225)
rgb(195,90,240)
rgb(195,90,255)
rgb(195,105,0)
rgb(195,105,15)
rgb(195,105,30)
rgb(195,105,45)
rgb(195,105,60)
rgb(195,105,75)
rgb(195,105,90)
rgb(195,105,105)
rgb(195,105,120)
rgb(195,105,135)
rgb(195,105,150)
rgb(195,105,165)
rgb(195,105,180)
rgb(195,105,195)
rgb(195,105,210)
rgb(195,105,225)
rgb(195,105,240)
rgb(195,105,255)
rgb(195,120,0)
rgb(195,120,15)
rgb(195,120,30)
rgb(195,120,45)
rgb(195,120,60)
rgb(195,120,75)
rgb(195,120,90)
rgb(195,120,105)
rgb(195,120,120)
rgb(195,120,135)
rgb(195,120,150)
rgb(195,120,165)
rgb(195,120,180)
rgb(195,120,195)
rgb(195,120,210)
rgb(195,120,225)
rgb(195,120,240)
rgb(195,120,255)
rgb(195,135,0)
rgb(195,135,15)
rgb(195,135,30)
rgb(195,135,45)
rgb(195,135,60)
rgb(195,135,75)
rgb(195,135,90)
rgb(195,135,105)
rgb(195,135,120)
rgb(195,135,135)
rgb(195,135,150)
rgb(195,135,165)
rgb(195,135,180)
rgb(195,135,195)
rgb(195,135,210)
rgb(195,135,225)
rgb(195,135,240)
rgb(195,135,255)
rgb(195,150,0)
rgb(195,150,15)
rgb(195,150,30)
rgb(195,150,45)
rgb(195,150,60)
rgb(195,150,75)
rgb(195,150,90)
rgb(195,150,105)
rgb(195,150,120)
rgb(195,150,135)
rgb(195,150,150)
rgb(195,150,165)
rgb(195,150,180)
rgb(195,150,195)
rgb(195,150,210)
rgb(195,150,225)
rgb(195,150,240)
rgb(195,150,255)
rgb(195,165,0)
rgb(195,165,15)
rgb(195,165,30)
rgb(195,165,45)
rgb(195,165,60)
rgb(195,165,75)
rgb(195,165,90)
rgb(195,165,105)
rgb(195,165,120)
rgb(195,165,135)
rgb(195,165,150)
rgb(195,165,165)
rgb(195,165,180)
rgb(195,165,195)
rgb(195,165,210)
rgb(195,165,225)
rgb(195,165,240)
rgb(195,165,255)
rgb(195,180,0)
rgb(195,180,15)
rgb(195,180,30)
rgb(195,180,45)
rgb(195,180,60)
rgb(195,180,75)
rgb(195,180,90)
rgb(195,180,105)
rgb(195,180,120)
rgb(195,180,135)
rgb(195,180,150)
rgb(195,180,165)
rgb(195,180,180)
rgb(195,180,195)
rgb(195,180,210)
rgb(195,180,225)
rgb(195,180,240)
rgb(195,180,255)
rgb(195,195,0)
rgb(195,195,15)
rgb(195,195,30)
rgb(195,195,45)
rgb(195,195,60)
rgb(195,195,75)
rgb(195,195,90)
rgb(195,195,105)
rgb(195,195,120)
rgb(195,195,135)
rgb(195,195,150)
rgb(195,195,165)
rgb(195,195,180)
rgb(195,195,195)
rgb(195,195,210)
rgb(195,195,225)
rgb(195,195,240)
rgb(195,195,255)
rgb(195,210,0)
rgb(195,210,15)
rgb(195,210,30)
rgb(195,210,45)
rgb(195,210,60)
rgb(195,210,75)
rgb(195,210,90)
rgb(195,210,105)
rgb(195,210,120)
rgb(195,210,135)
rgb(195,210,150)
rgb(195,210,165)
rgb(195,210,180)
rgb(195,210,195)
rgb(195,210,210)
rgb(195,210,225)
rgb(195,210,240)
rgb(195,210,255)
rgb(195,225,0)
rgb(195,225,15)
rgb(195,225,30)
rgb(195,225,45)
rgb(195,225,60)
rgb(195,225,75)
rgb(195,225,90)
rgb(195,225,105)
rgb(195,225,120)
rgb(195,225,135)
rgb(195,225,150)
rgb(195,225,165)
rgb(195,225,180)
rgb(195,225,195)
rgb(195,225,210)
rgb(195,225,225)
rgb(195,225,240)
rgb(195,225,255)
rgb(195,240,0)
rgb(195,240,15)
rgb(195,240,30)
rgb(195,240,45)
rgb(195,240,60)
rgb(195,240,75)
rgb(195,240,90)
rgb(195,240,105)
rgb(195,240,120)
rgb(195,240,135)
rgb(195,240,150)
rgb(195,240,165)
rgb(195,240,180)
rgb(195,240,195)
rgb(195,240,210)
rgb(195,240,225)
rgb(195,240,240)
rgb(195,240,255)
rgb(195,255,0)
rgb(195,255,15)
rgb(195,255,30)
rgb(195,255,45)
rgb(195,255,60)
rgb(195,255,75)
rgb(195,255,90)
rgb(195,255,105)
rgb(195,255,120)
rgb(195,255,135)
rgb(195,255,150)
rgb(195,255,165)
rgb(195,255,180)
rgb(195,255,195)
rgb(195,255,210)
rgb(195,255,225)
rgb(195,255,240)
rgb(195,255,255)
rgb(210,0,0)
rgb(210,0,15)
rgb(210,0,30)
rgb(210,0,45)
rgb(210,0,60)
rgb(210,0,75)
rgb(210,0,90)
rgb(210,0,105)
rgb(210,0,120)
rgb(210,0,135)
rgb(210,0,150)
rgb(210,0,165)
rgb(210,0,180)
rgb(210,0,195)
rgb(210,0,210)
rgb(210,0,225)
rgb(210,0,240)
rgb(210,0,255)
rgb(210,15,0)
rgb(210,15,15)
rgb(210,15,30)
rgb(210,15,45)
rgb(210,15,60)
rgb(210,15,75)
rgb(210,15,90)
rgb(210,15,105)
rgb(210,15,120)
rgb(210,15,135)
rgb(210,15,150)
rgb(210,15,165)
rgb(210,15,180)
rgb(210,15,195)
rgb(210,15,210)
rgb(210,15,225)
rgb(210,15,240)
rgb(210,15,255)
rgb(210,30,0)
rgb(210,30,15)
rgb(210,30,30)
rgb(210,30,45)
rgb(210,30,60)
rgb(210,30,75)
rgb(210,30,90)
rgb(210,30,105)
rgb(210,30,120)
rgb(210,30,135)
rgb(210,30,150)
rgb(210,30,165)
rgb(210,30,180)
rgb(210,30,195)
rgb(210,30,210)
rgb(210,30,225)
rgb(210,30,240)
rgb(210,30,255)
rgb(210,45,0)
rgb(210,45,15)
rgb(210,45,30)
rgb(210,45,45)
rgb(210,45,60)
rgb(210,45,75)
rgb(210,45,90)
rgb(210,45,105)
rgb(210,45,120)
rgb(210,45,135)
rgb(210,45,150)
rgb(210,45,165)
rgb(210,45,180)
rgb(210,45,195)
rgb(210,45,210)
rgb(210,45,225)
rgb(210,45,240)
rgb(210,45,255)
rgb(210,60,0)
rgb(210,60,15)
rgb(210,60,30)
rgb(210,60,45)
rgb(210,60,60)
rgb(210,60,75)
rgb(210,60,90)
rgb(210,60,105)
rgb(210,60,120)
rgb(210,60,135)
rgb(210,60,150)
rgb(210,60,165)
rgb(210,60,180)
rgb(210,60,195)
rgb(210,60,210)
rgb(210,60,225)
rgb(210,60,240)
rgb(210,60,255)
rgb(210,75,0)
rgb(210,75,15)
rgb(210,75,30)
rgb(210,75,45)
rgb(210,75,60)
rgb(210,75,75)
rgb(210,75,90)
rgb(210,75,105)
rgb(210,75,120)
rgb(210,75,135)
rgb(210,75,150)
rgb(210,75,165)
rgb(210,75,180)
rgb(210,75,195)
rgb(210,75,210)
rgb(210,75,225)
rgb(210,75,240)
rgb(210,75,255)
rgb(210,90,0)
rgb(210,90,15)
rgb(210,90,30)
rgb(210,90,45)
rgb(210,90,60)
rgb(210,90,75)
rgb(210,90,90)
rgb(210,90,105)
rgb(210,90,120)
rgb(210,90,135)
rgb(210,90,150)
rgb(210,90,165)
rgb(210,90,180)
rgb(210,90,195)
rgb(210,90,210)
rgb(210,90,225)
rgb(210,90,240)
rgb(210,90,255)
rgb(210,105,0)
rgb(210,105,15)
rgb(210,105,30)
rgb(210,105,45)
rgb(210,105,60)
rgb(210,105,75)
rgb(210,105,90)
rgb(210,105,105)
rgb(210,105,120)
rgb(210,105,135)
rgb(210,105,150)
rgb(210,105,165)
rgb(210,105,180)
rgb(210,105,195)
rgb(210,105,210)
rgb(210,105,225)
rgb(210,105,240)
rgb(210,105,255)
rgb(210,120,0)
rgb(210,120,15)
rgb(210,120,30)
rgb(210,120,45)
rgb(210,120,60)
rgb(210,120,75)
rgb(210,120,90)
rgb(210,120,105)
rgb(210,120,120)
rgb(210,120,135)
rgb(210,120,150)
rgb(210,120,165)
rgb(210,120,180)
rgb(210,120,195)
rgb(210,120,210)
rgb(210,120,225)
rgb(210,120,240)
rgb(210,120,255)
rgb(210,135,0)
rgb(210,135,15)
rgb(210,135,30)
rgb(210,135,45)
rgb(210,135,60)
rgb(210,135,75)
rgb(210,135,90)
rgb(210,135,105)
rgb(210,135,120)
rgb(210,135,135)
rgb(210,135,150)
rgb(210,135,165)
rgb(210,135,180)
rgb(210,135,195)
rgb(210,135,210)
rgb(210,135,225)
rgb(210,135,240)
rgb(210,135,255)
rgb(210,150,0)
rgb(210,150,15)
rgb(210,150,30)
rgb(210,150,45)
rgb(210,150,60)
rgb(210,150,75)
rgb(210,150,90)
rgb(210,150,105)
rgb(210,150,120)
rgb(210,150,135)
rgb(210,150,150)
rgb(210,150,165)
rgb(210,150,180)
rgb(210,150,195)
rgb(210,150,210)
rgb(210,150,225)
rgb(210,150,240)
rgb(210,150,255)
rgb(210,165,0)
rgb(210,165,15)
rgb(210,165,30)
rgb(210,165,45)
rgb(210,165,60)
rgb(210,165,75)
rgb(210,165,90)
rgb(210,165,105)
rgb(210,165,120)
rgb(210,165,135)
rgb(210,165,150)
rgb(210,165,165)
rgb(210,165,180)
rgb(210,165,195)
rgb(210,165,210)
rgb(210,165,225)
rgb(210,165,240)
rgb(210,165,255)
rgb(210,180,0)
rgb(210,180,15)
rgb(210,180,30)
rgb(210,180,45)
rgb(210,180,60)
rgb(210,180,75)
rgb(210,180,90)
rgb(210,180,105)
rgb(210,180,120)
rgb(210,180,135)
rgb(210,180,150)
rgb(210,180,165)
rgb(210,180,180)
rgb(210,180,195)
rgb(210,180,210)
rgb(210,180,225)
rgb(210,180,240)
rgb(210,180,255)
rgb(210,195,0)
rgb(210,195,15)
rgb(210,195,30)
rgb(210,195,45)
rgb(210,195,60)
rgb(210,195,75)
rgb(210,195,90)
rgb(210,195,105)
rgb(210,195,120)
rgb(210,195,135)
rgb(210,195,150)
rgb(210,195,165)
rgb(210,195,180)
rgb(210,195,195)
rgb(210,195,210)
rgb(210,195,225)
rgb(210,195,240)
rgb(210,195,255)
rgb(210,210,0)
rgb(210,210,15)
rgb(210,210,30)
rgb(210,210,45)
rgb(210,210,60)
rgb(210,210,75)
rgb(210,210,90)
rgb(210,210,105)
rgb(210,210,120)
rgb(210,210,135)
rgb(210,210,150)
rgb(210,210,165)
rgb(210,210,180)
rgb(210,210,195)
rgb(210,210,210)
rgb(210,210,225)
rgb(210,210,240)
rgb(210,210,255)
rgb(210,225,0)
rgb(210,225,15)
rgb(210,225,30)
rgb(210,225,45)
rgb(210,225,60)
rgb(210,225,75)
rgb(210,225,90)
rgb(210,225,105)
rgb(210,225,120)
rgb(210,225,135)
rgb(210,225,150)
rgb(210,225,165)
rgb(210,225,180)
rgb(210,225,195)
rgb(210,225,210)
rgb(210,225,225)
rgb(210,225,240)
rgb(210,225,255)
rgb(210,240,0)
rgb(210,240,15)
rgb(210,240,30)
rgb(210,240,45)
rgb(210,240,60)
rgb(210,240,75)
rgb(210,240,90)
rgb(210,240,105)
rgb(210,240,120)
rgb(210,240,135)
rgb(210,240,150)
rgb(210,240,165)
rgb(210,240,180)
rgb(210,240,195)
rgb(210,240,210)
rgb(210,240,225)
rgb(210,240,240)
rgb(210,240,255)
rgb(210,255,0)
rgb(210,255,15)
rgb(210,255,30)
rgb(210,255,45)
rgb(210,255,60)
rgb(210,255,75)
rgb(210,255,90)
rgb(210,255,105)
rgb(210,255,120)
rgb(210,255,135)
rgb(210,255,150)
rgb(210,255,165)
rgb(210,255,180)
rgb(210,255,195)
rgb(210,255,210)
rgb(210,255,225)
rgb(210,255,240)
rgb(210,255,255)
rgb(225,0,0)
rgb(225,0,15)
rgb(225,0,30)
rgb(225,0,45)
rgb(225,0,60)
rgb(225,0,75)
rgb(225,0,90)
rgb(225,0,105)
rgb(225,0,120)
rgb(225,0,135)
rgb(225,0,150)
rgb(225,0,165)
rgb(225,0,180)
rgb(225,0,195)
rgb(225,0,210)
rgb(225,0,225)
rgb(225,0,240)
rgb(225,0,255)
rgb(225,15,0)
rgb(225,15,15)
rgb(225,15,30)
rgb(225,15,45)
rgb(225,15,60)
rgb(225,15,75)
rgb(225,15,90)
rgb(225,15,105)
rgb(225,15,120)
rgb(225,15,135)
rgb(225,15,150)
rgb(225,15,165)
rgb(225,15,180)
rgb(225,15,195)
rgb(225,15,210)
rgb(225,15,225)
rgb(225,15,240)
rgb(225,15,255)
rgb(225,30,0)
rgb(225,30,15)
rgb(225,30,30)
rgb(225,30,45)
rgb(225,30,60)
rgb(225,30,75)
rgb(225,30,90)
rgb(225,30,105)
rgb(225,30,120)
rgb(225,30,135)
rgb(225,30,150)
rgb(225,30,165)
rgb(225,30,180)
rgb(225,30,195)
rgb(225,30,210)
rgb(225,30,225)
rgb(225,30,240)
rgb(225,30,255)
rgb(225,45,0)
rgb(225,45,15)
rgb(225,45,30)
rgb(225,45,45)
rgb(225,45,60)
rgb(225,45,75)
rgb(225,45,90)
rgb(225,45,105)
rgb(225,45,120)
rgb(225,45,135)
rgb(225,45,150)
rgb(225,45,165)
rgb(225,45,180)
rgb(225,45,195)
rgb(225,45,210)
rgb(225,45,225)
rgb(225,45,240)
rgb(225,45,255)
rgb(225,60,0)
rgb(225,60,15)
rgb(225,60,30)
rgb(225,60,45)
rgb(225,60,60)
rgb(225,60,75)
rgb(225,60,90)
rgb(225,60,105)
rgb(225,60,120)
rgb(225,60,135)
rgb(225,60,150)
rgb(225,60,165)
rgb(225,60,180)
rgb(225,60,195)
rgb(225,60,210)
rgb(225,60,225)
rgb(225,60,240)
rgb(225,60,255)
rgb(225,75,0)
rgb(225,75,15)
rgb(225,75,30)
rgb(225,75,45)
rgb(225,75,60)
rgb(225,75,75)
rgb(225,75,90)
rgb(225,75,105)
rgb(225,75,120)
rgb(225,75,135)
rgb(225,75,150)
rgb(225,75,165)
rgb(225,75,180)
rgb(225,75,195)
rgb(225,75,210)
rgb(225,75,225)
rgb(225,75,240)
rgb(225,75,255)
rgb(225,90,0)
rgb(225,90,15)
rgb(225,90,30)
rgb(225,90,45)
rgb(225,90,60)
rgb(225,90,75)
rgb(225,90,90)
rgb(225,90,105)
rgb(225,90,120)
rgb(225,90,135)
rgb(225,90,150)
rgb(225,90,165)
rgb(225,90,180)
rgb(225,90,195)
rgb(225,90,210)
rgb(225,90,225)
rgb(225,90,240)
rgb(225,90,255)
rgb(225,105,0)
rgb(225,105,15)
rgb(225,105,30)
rgb(225,105,45)
rgb(225,105,60)
rgb(225,105,75)
rgb(225,105,90)
rgb(225,105,105)
rgb(225,105,120)
rgb(225,105,135)
rgb(225,105,150)
rgb(225,105,165)
rgb(225,105,180)
rgb(225,105,195)
rgb(225,105,210)
rgb(225,105,225)
rgb(225,105,240)
rgb(225,105,255)
rgb(225,120,0)
rgb(225,120,15)
rgb(225,120,30)
rgb(225,120,45)
rgb(225,120,60)
rgb(225,120,75)
rgb(225,120,90)
rgb(225,120,105)
rgb(225,120,120)
rgb(225,120,135)
rgb(225,120,150)
rgb(225,120,165)
rgb(225,120,180)
rgb(225,120,195)
rgb(225,120,210)
rgb(225,120,225)
rgb(225,120,240)
rgb(225,120,255)
rgb(225,135,0)
rgb(225,135,15)
rgb(225,135,30)
rgb(225,135,45)
rgb(225,135,60)
rgb(225,135,75)
rgb(225,135,90)
rgb(225,135,105)
rgb(225,135,120)
rgb(225,135,135)
rgb(225,135,150)
rgb(225,135,165)
rgb(225,135,180)
rgb(225,135,195)
rgb(225,135,210)
rgb(225,135,225)
rgb(225,135,240)
rgb(225,135,255)
rgb(225,150,0)
rgb(225,150,15)
rgb(225,150,30)
rgb(225,150,45)
rgb(225,150,60)
rgb(225,150,75)
rgb(225,150,90)
rgb(225,150,105)
rgb(225,150,120)
rgb(225,150,135)
rgb(225,150,150)
rgb(225,150,165)
rgb(225,150,180)
rgb(225,150,195)
rgb(225,150,210)
rgb(225,150,225)
rgb(225,150,240)
rgb(225,150,255)
rgb(225,165,0)
rgb(225,165,15)
rgb(225,165,30)
rgb(225,165,45)
rgb(225,165,60)
rgb(225,165,75)
rgb(225,165,90)
rgb(225,165,105)
rgb(225,165,120)
rgb(225,165,135)
rgb(225,165,150)
rgb(225,165,165)
rgb(225,165,180)
rgb(225,165,195)
rgb(225,165,210)
rgb(225,165,225)
rgb(225,165,240)
rgb(225,165,255)
rgb(225,180,0)
rgb(225,180,15)
rgb(225,180,30)
rgb(225,180,45)
rgb(225,180,60)
rgb(225,180,75)
rgb(225,180,90)
rgb(225,180,105)
rgb(225,180,120)
rgb(225,180,135)
rgb(225,180,150)
rgb(225,180,165)
rgb(225,180,180)
rgb(225,180,195)
rgb(225,180,210)
rgb(225,180,225)
rgb(225,180,240)
rgb(225,180,255)
rgb(225,195,0)
rgb(225,195,15)
rgb(225,195,30)
rgb(225,195,45)
rgb(225,195,60)
rgb(225,195,75)
rgb(225,195,90)
rgb(225,195,105)
rgb(225,195,120)
rgb(225,195,135)
rgb(225,195,150)
rgb(225,195,165)
rgb(225,195,180)
rgb(225,195,195)
rgb(225,195,210)
rgb(225,195,225)
rgb(225,195,240)
rgb(225,195,255)
rgb(225,210,0)
rgb(225,210,15)
rgb(225,210,30)
rgb(225,210,45)
rgb(225,210,60)
rgb(225,210,75)
rgb(225,210,90)
rgb(225,210,105)
rgb(225,210,120)
rgb(225,210,135)
rgb(225,210,150)
rgb(225,210,165)
rgb(225,210,180)
rgb(225,210,195)
rgb(225,210,210)
rgb(225,210,225)
rgb(225,210,240)
rgb(225,210,255)
rgb(225,225,0)
rgb(225,225,15)
rgb(225,225,30)
rgb(225,225,45)
rgb(225,225,60)
rgb(225,225,75)
rgb(225,225,90)
rgb(225,225,105)
rgb(225,225,120)
rgb(225,225,135)
rgb(225,225,150)
rgb(225,225,165)
rgb(225,225,180)
rgb(225,225,195)
rgb(225,225,210)
rgb(225,225,225)
rgb(225,225,240)
rgb(225,225,255)
rgb(225,240,0)
rgb(225,240,15)
rgb(225,240,30)
rgb(225,240,45)
rgb(225,240,60)
rgb(225,240,75)
rgb(225,240,90)
rgb(225,240,105)
rgb(225,240,120)
rgb(225,240,135)
rgb(225,240,150)
rgb(225,240,165)
rgb(225,240,180)
rgb(225,240,195)
rgb(225,240,210)
rgb(225,240,225)
rgb(225,240,240)
rgb(225,240,255)
rgb(225,255,0)
rgb(225,255,15)
rgb(225,255,30)
rgb(225,255,45)
rgb(225,255,60)
rgb(225,255,75)
rgb(225,255,90)
rgb(225,255,105)
rgb(225,255,120)
rgb(225,255,135)
rgb(225,255,150)
rgb(225,255,165)
rgb(225,255,180)
rgb(225,255,195)
rgb(225,255,210)
rgb(225,255,225)
rgb(225,255,240)
rgb(225,255,255)
rgb(240,0,0)
rgb(240,0,15)
rgb(240,0,30)
rgb(240,0,45)
rgb(240,0,60)
rgb(240,0,75)
rgb(240,0,90)
rgb(240,0,105)
rgb(240,0,120)
rgb(240,0,135)
rgb(240,0,150)
rgb(240,0,165)
rgb(240,0,180)
rgb(240,0,195)
rgb(240,0,210)
rgb(240,0,225)
rgb(240,0,240)
rgb(240,0,255)
rgb(240,15,0)
rgb(240,15,15)
rgb(240,15,30)
rgb(240,15,45)
rgb(240,15,60)
rgb(240,15,75)
rgb(240,15,90)
rgb(240,15,105)
rgb(240,15,120)
rgb(240,15,135)
rgb(240,15,150)
rgb(240,15,165)
rgb(240,15,180)
rgb(240,15,195)
rgb(240,15,210)
rgb(240,15,225)
rgb(240,15,240)
rgb(240,15,255)
rgb(240,30,0)
rgb(240,30,15)
rgb(240,30,30)
rgb(240,30,45)
rgb(240,30,60)
rgb(240,30,75)
rgb(240,30,90)
rgb(240,30,105)
rgb(240,30,120)
rgb(240,30,135)
rgb(240,30,150)
rgb(240,30,165)
rgb(240,30,180)
rgb(240,30,195)
rgb(240,30,210)
rgb(240,30,225)
rgb(240,30,240)
rgb(240,30,255)
rgb(240,45,0)
rgb(240,45,15)
rgb(240,45,30)
rgb(240,45,45)
rgb(240,45,60)
rgb(240,45,75)
rgb(240,45,90)
rgb(240,45,105)
rgb(240,45,120)
rgb(240,45,135)
rgb(240,45,150)
rgb(240,45,165)
rgb(240,45,180)
rgb(240,45,195)
rgb(240,45,210)
rgb(240,45,225)
rgb(240,45,240)
rgb(240,45,255)
rgb(240,60,0)
rgb(240,60,15)
rgb(240,60,30)
rgb(240,60,45)
rgb(240,60,60)
rgb(240,60,75)
rgb(240,60,90)
rgb(240,60,105)
rgb(240,60,120)
rgb(240,60,135)
rgb(240,60,150)
rgb(240,60,165)
rgb(240,60,180)
rgb(240,60,195)
rgb(240,60,210)
rgb(240,60,225)
rgb(240,60,240)
rgb(240,60,255)
rgb(240,75,0)
rgb(240,75,15)
rgb(240,75,30)
rgb(240,75,45)
rgb(240,75,60)
rgb(240,75,75)
rgb(240,75,90)
rgb(240,75,105)
rgb(240,75,120)
rgb(240,75,135)
rgb(240,75,150)
rgb(240,75,165)
rgb(240,75,180)
rgb(240,75,195)
rgb(240,75,210)
rgb(240,75,225)
rgb(240,75,240)
rgb(240,75,255)
rgb(240,90,0)
rgb(240,90,15)
rgb(240,90,30)
rgb(240,90,45)
rgb(240,90,60)
rgb(240,90,75)
rgb(240,90,90)
rgb(240,90,105)
rgb(240,90,120)
rgb(240,90,135)
rgb(240,90,150)
rgb(240,90,165)
rgb(240,90,180)
rgb(240,90,195)
rgb(240,90,210)
rgb(240,90,225)
rgb(240,90,240)
rgb(240,90,255)
rgb(240,105,0)
rgb(240,105,15)
rgb(240,105,30)
rgb(240,105,45)
rgb(240,105,60)
rgb(240,105,75)
rgb(240,105,90)
rgb(240,105,105)
rgb(240,105,120)
rgb(240,105,135)
rgb(240,105,150)
rgb(240,105,165)
rgb(240,105,180)
rgb(240,105,195)
rgb(240,105,210)
rgb(240,105,225)
rgb(240,105,240)
rgb(240,105,255)
rgb(240,120,0)
rgb(240,120,15)
rgb(240,120,30)
rgb(240,120,45)
rgb(240,120,60)
rgb(240,120,75)
rgb(240,120,90)
rgb(240,120,105)
rgb(240,120,120)
rgb(240,120,135)
rgb(240,120,150)
rgb(240,120,165)
rgb(240,120,180)
rgb(240,120,195)
rgb(240,120,210)
rgb(240,120,225)
rgb(240,120,240)
rgb(240,120,255)
rgb(240,135,0)
rgb(240,135,15)
rgb(240,135,30)
rgb(240,135,45)
rgb(240,135,60)
rgb(240,135,75)
rgb(240,135,90)
rgb(240,135,105)
rgb(240,135,120)
rgb(240,135,135)
rgb(240,135,150)
rgb(240,135,165)
rgb(240,135,180)
rgb(240,135,195)
rgb(240,135,210)
rgb(240,135,225)
rgb(240,135,240)
rgb(240,135,255)
rgb(240,150,0)
rgb(240,150,15)
rgb(240,150,30)
rgb(240,150,45)
rgb(240,150,60)
rgb(240,150,75)
rgb(240,150,90)
rgb(240,150,105)
rgb(240,150,120)
rgb(240,150,135)
rgb(240,150,150)
rgb(240,150,165)
rgb(240,150,180)
rgb(240,150,195)
rgb(240,150,210)
rgb(240,150,225)
rgb(240,150,240)
rgb(240,150,255)
rgb(240,165,0)
rgb(240,165,15)
rgb(240,165,30)
rgb(240,165,45)
rgb(240,165,60)
rgb(240,165,75)
rgb(240,165,90)
rgb(240,165,105)
rgb(240,165,120)
rgb(240,165,135)
rgb(240,165,150)
rgb(240,165,165)
rgb(240,165,180)
rgb(240,165,195)
rgb(240,165,210)
rgb(240,165,225)
rgb(240,165,240)
rgb(240,165,255)
rgb(240,180,0)
rgb(240,180,15)
rgb(240,180,30)
rgb(240,180,45)
rgb(240,180,60)
rgb(240,180,75)
rgb(240,180,90)
rgb(240,180,105)
rgb(240,180,120)
rgb(240,180,135)
rgb(240,180,150)
rgb(240,180,165)
rgb(240,180,180)
rgb(240,180,195)
rgb(240,180,210)
rgb(240,180,225)
rgb(240,180,240)
rgb(240,180,255)
rgb(240,195,0)
rgb(240,195,15)
rgb(240,195,30)
rgb(240,195,45)
rgb(240,195,60)
rgb(240,195,75)
rgb(240,195,90)
rgb(240,195,105)
rgb(240,195,120)
rgb(240,195,135)
rgb(240,195,150)
rgb(240,195,165)
rgb(240,195,180)
rgb(240,195,195)
rgb(240,195,210)
rgb(240,195,225)
rgb(240,195,240)
rgb(240,195,255)
rgb(240,210,0)
rgb(240,210,15)
rgb(240,210,30)
rgb(240,210,45)
rgb(240,210,60)
rgb(240,210,75)
rgb(240,210,90)
rgb(240,210,105)
rgb(240,210,120)
rgb(240,210,135)
rgb(240,210,150)
rgb(240,210,165)
rgb(240,210,180)
rgb(240,210,195)
rgb(240,210,210)
rgb(240,210,225)
rgb(240,210,240)
rgb(240,210,255)
rgb(240,225,0)
rgb(240,225,15)
rgb(240,225,30)
rgb(240,225,45)
rgb(240,225,60)
rgb(240,225,75)
rgb(240,225,90)
rgb(240,225,105)
rgb(240,225,120)
rgb(240,225,135)
rgb(240,225,150)
rgb(240,225,165)
rgb(240,225,180)
rgb(240,225,195)
rgb(240,225,210)
rgb(240,225,225)
rgb(240,225,240)
rgb(240,225,255)
rgb(240,240,0)
rgb(240,240,15)
rgb(240,240,30)
rgb(240,240,45)
rgb(240,240,60)
rgb(240,240,75)
rgb(240,240,90)
rgb(240,240,105)
rgb(240,240,120)
rgb(240,240,135)
rgb(240,240,150)
rgb(240,240,165)
rgb(240,240,180)
rgb(240,240,195)
rgb(240,240,210)
rgb(240,240,225)
rgb(240,240,240)
rgb(240,240,255)
rgb(240,255,0)
rgb(240,255,15)
rgb(240,255,30)
rgb(240,255,45)
rgb(240,255,60)
rgb(240,255,75)
rgb(240,255,90)
rgb(240,255,105)
rgb(240,255,120)
rgb(240,255,135)
rgb(240,255,150)
rgb(240,255,165)
rgb(240,255,180)
rgb(240,255,195)
rgb(240,255,210)
rgb(240,255,225)
rgb(240,255,240)
rgb(240,255,255)
rgb(255,0,0)
rgb(255,0,15)
rgb(255,0,30)
rgb(255,0,45)
rgb(255,0,60)
rgb(255,0,75)
rgb(255,0,90)
rgb(255,0,105)
rgb(255,0,120)
rgb(255,0,135)
rgb(255,0,150)
rgb(255,0,165)
rgb(255,0,180)
rgb(255,0,195)
rgb(255,0,210)
rgb(255,0,225)
rgb(255,0,240)
rgb(255,0,255)
rgb(255,15,0)
rgb(255,15,15)
rgb(255,15,30)
rgb(255,15,45)
rgb(255,15,60)
rgb(255,15,75)
rgb(255,15,90)
rgb(255,15,105)
rgb(255,15,120)
rgb(255,15,135)
rgb(255,15,150)
rgb(255,15,165)
rgb(255,15,180)
rgb(255,15,195)
rgb(255,15,210)
rgb(255,15,225)
rgb(255,15,240)
rgb(255,15,255)
rgb(255,30,0)
rgb(255,30,15)
rgb(255,30,30)
rgb(255,30,45)
rgb(255,30,60)
rgb(255,30,75)
rgb(255,30,90)
rgb(255,30,105)
rgb(255,30,120)
rgb(255,30,135)
rgb(255,30,150)
rgb(255,30,165)
rgb(255,30,180)
rgb(255,30,195)
rgb(255,30,210)
rgb(255,30,225)
rgb(255,30,240)
rgb(255,30,255)
rgb(255,45,0)
rgb(255,45,15)
rgb(255,45,30)
rgb(255,45,45)
rgb(255,45,60)
rgb(255,45,75)
rgb(255,45,90)
rgb(255,45,105)
rgb(255,45,120)
rgb(255,45,135)
rgb(255,45,150)
rgb(255,45,165)
rgb(255,45,180)
rgb(255,45,195)
rgb(255,45,210)
rgb(255,45,225)
rgb(255,45,240)
rgb(255,45,255)
rgb(255,60,0)
rgb(255,60,15)
rgb(255,60,30)
rgb(255,60,45)
rgb(255,60,60)
rgb(255,60,75)
rgb(255,60,90)
rgb(255,60,105)
rgb(255,60,120)
rgb(255,60,135)
rgb(255,60,150)
rgb(255,60,165)
rgb(255,60,180)
rgb(255,60,195)
rgb(255,60,210)
rgb(255,60,225)
rgb(255,60,240)
rgb(255,60,255)
rgb(255,75,0)
rgb(255,75,15)
rgb(255,75,30)
rgb(255,75,45)
rgb(255,75,60)
rgb(255,75,75)
rgb(255,75,90)
rgb(255,75,105)
rgb(255,75,120)
rgb(255,75,135)
rgb(255,75,150)
rgb(255,75,165)
rgb(255,75,180)
rgb(255,75,195)
rgb(255,75,210)
rgb(255,75,225)
rgb(255,75,240)
rgb(255,75,255)
rgb(255,90,0)
rgb(255,90,15)
rgb(255,90,30)
rgb(255,90,45)
rgb(255,90,60)
rgb(255,90,75)
rgb(255,90,90)
rgb(255,90,105)
rgb(255,90,120)
rgb(255,90,135)
rgb(255,90,150)
rgb(255,90,165)
rgb(255,90,180)
rgb(255,90,195)
rgb(255,90,210)
rgb(255,90,225)
rgb(255,90,240)
rgb(255,90,255)
rgb(255,105,0)
rgb(255,105,15)
rgb(255,105,30)
rgb(255,105,45)
rgb(255,105,60)
rgb(255,105,75)
rgb(255,105,90)
rgb(255,105,105)
rgb(255,105,120)
rgb(255,105,135)
rgb(255,105,150)
rgb(255,105,165)
rgb(255,105,180)
rgb(255,105,195)
rgb(255,105,210)
rgb(255,105,225)
rgb(255,105,240)
rgb(255,105,255)
rgb(255,120,0)
rgb(255,120,15)
rgb(255,120,30)
rgb(255,120,45)
rgb(255,120,60)
rgb(255,120,75)
rgb(255,120,90)
rgb(255,120,105)
rgb(255,120,120)
rgb(255,120,135)
rgb(255,120,150)
rgb(255,120,165)
rgb(255,120,180)
rgb(255,120,195)
rgb(255,120,210)
rgb(255,120,225)
rgb(255,120,240)
rgb(255,120,255)
rgb(255,135,0)
rgb(255,135,15)
rgb(255,135,30)
rgb(255,135,45)
rgb(255,135,60)
rgb(255,135,75)
rgb(255,135,90)
rgb(255,135,105)
rgb(255,135,120)
rgb(255,135,135)
rgb(255,135,150)
rgb(255,135,165)
rgb(255,135,180)
rgb(255,135,195)
rgb(255,135,210)
rgb(255,135,225)
rgb(255,135,240)
rgb(255,135,255)
rgb(255,150,0)
rgb(255,150,15)
rgb(255,150,30)
rgb(255,150,45)
rgb(255,150,60)
rgb(255,150,75)
rgb(255,150,90)
rgb(255,150,105)
rgb(255,150,120)
rgb(255,150,135)
rgb(255,150,150)
rgb(255,150,165)
rgb(255,150,180)
rgb(255,150,195)
rgb(255,150,210)
rgb(255,150,225)
rgb(255,150,240)
rgb(255,150,255)
rgb(255,165,0)
rgb(255,165,15)
rgb(255,165,30)
rgb(255,165,45)
rgb(255,165,60)
rgb(255,165,75)
rgb(255,165,90)
rgb(255,165,105)
rgb(255,165,120)
rgb(255,165,135)
rgb(255,165,150)
rgb(255,165,165)
rgb(255,165,180)
rgb(255,165,195)
rgb(255,165,210)
rgb(255,165,225)
rgb(255,165,240)
rgb(255,165,255)
rgb(255,180,0)
rgb(255,180,15)
rgb(255,180,30)
rgb(255,180,45)
rgb(255,180,60)
rgb(255,180,75)
rgb(255,180,90)
rgb(255,180,105)
rgb(255,180,120)
rgb(255,180,135)
rgb(255,180,150)
rgb(255,180,165)
rgb(255,180,180)
rgb(255,180,195)
rgb(255,180,210)
rgb(255,180,225)
rgb(255,180,240)
rgb(255,180,255)
rgb(255,195,0)
rgb(255,195,15)
rgb(255,195,30)
rgb(255,195,45)
rgb(255,195,60)
rgb(255,195,75)
rgb(255,195,90)
rgb(255,195,105)
rgb(255,195,120)
rgb(255,195,135)
rgb(255,195,150)
rgb(255,195,165)
rgb(255,195,180)
rgb(255,195,195)
rgb(255,195,210)
rgb(255,195,225)
rgb(255,195,240)
rgb(255,195,255)
rgb(255,210,0)
rgb(255,210,15)
rgb(255,210,30)
rgb(255,210,45)
rgb(255,210,60)
rgb(255,210,75)
rgb(255,210,90)
rgb(255,210,105)
rgb(255,210,120)
rgb(255,210,135)
rgb(255,210,150)
rgb(255,210,165)
rgb(255,210,180)
rgb(255,210,195)
rgb(255,210,210)
rgb(255,210,225)
rgb(255,210,240)
rgb(255,210,255)
rgb(255,225,0)
rgb(255,225,15)
rgb(255,225,30)
rgb(255,225,45)
rgb(255,225,60)
rgb(255,225,75)
rgb(255,225,90)
rgb(255,225,105)
rgb(255,225,120)
rgb(255,225,135)
rgb(255,225,150)
rgb(255,225,165)
rgb(255,225,180)
rgb(255,225,195)
rgb(255,225,210)
rgb(255,225,225)
rgb(255,225,240)
rgb(255,225,255)
rgb(255,240,0)
rgb(255,240,15)
rgb(255,240,30)
rgb(255,240,45)
rgb(255,240,60)
rgb(255,240,75)
rgb(255,240,90)
rgb(255,240,105)
rgb(255,240,120)
rgb(255,240,135)
rgb(255,240,150)
rgb(255,240,165)
rgb(255,240,180)
rgb(255,240,195)
rgb(255,240,210)
rgb(255,240,225)
rgb(255,240,240)
rgb(255,240,255)
rgb(255,255,0)
rgb(255,255,15)
rgb(255,255,30)
rgb(255,255,45)
rgb(255,255,60)
rgb(255,255,75)
rgb(255,255,90)
rgb(255,255,105)
rgb(255,255,120)
rgb(255,255,135)
rgb(255,255,150)
rgb(255,255,165)
rgb(255,255,180)
rgb(255,255,195)
rgb(255,255,210)
rgb(255,255,225)
rgb(255,255,240)
rgb(255,255,255)